# Chromatin Architecture Emerges during Zygotic Genome Activation Independent of Transcription
# Clemens B Hug, Alexis G Grimaldi, Kai Kruse, Juan M Vaquerizas
# http://dx.doi.org/10.1016/j.cell.2017.03.024
#
# List of consensus boundary calls for Drosophila melanogaster embryos at nuclear cycle 12, 13, 14 and at 3-4hpf
# NA denotes boundaries not called or called with a score <0.5 at this stage
#
chrom	start	end	c12	c13	c14	3-4h
2L	66000	68000	NA	NA	NA	0.504386589664
2L	104000	106000	NA	NA	NA	0.916722379006
2L	154000	156000	NA	0.763165970807	1.14806526482	1.28031004438
2L	216000	218000	NA	NA	0.626922510112	0.883888942171
2L	246000	248000	NA	NA	0.526786380144	0.806144050911
2L	295000	297000	NA	NA	0.682979758793	1.30616829386
2L	356000	358000	NA	NA	NA	0.562500050727
2L	417000	419000	NA	NA	0.663653368313	1.27176620131
2L	452000	454000	NA	NA	NA	0.521749298459
2L	484000	486000	NA	NA	NA	0.891948743825
2L	536000	538000	NA	NA	NA	1.00330266512
2L	570000	572000	NA	NA	NA	1.04608770538
2L	600000	602000	NA	0.554102961407	0.96370263019	1.4274115945
2L	716000	718000	NA	NA	NA	0.582921204391
2L	820000	822000	NA	NA	0.605458757025	1.0154599767
2L	860000	862000	NA	NA	0.892037710823	0.585347586862
2L	1076000	1078000	NA	0.702347024191	0.986325308092	1.26545824179
2L	1118000	1120000	NA	NA	0.855370960321	0.659857800834
2L	1152000	1154000	NA	NA	NA	0.962132650346
2L	1196000	1198000	NA	NA	0.629960660668	0.88417299966
2L	1343000	1345000	0.610506311508	0.599084642843	0.618297185117	0.642024833738
2L	1386000	1388000	NA	NA	NA	0.680636658072
2L	1410000	1412000	NA	NA	0.548773769357	NA
2L	1462000	1464000	NA	NA	NA	0.535519212792
2L	1500000	1502000	NA	NA	NA	0.538086820053
2L	1516000	1518000	0.539551225787	0.643024618266	0.551315572915	NA
2L	1702000	1704000	NA	NA	NA	0.728311169706
2L	1880000	1882000	NA	NA	0.564154970717	0.738403588813
2L	1976000	1978000	NA	0.655724241877	0.982311021947	1.86525799819
2L	2040000	2042000	NA	NA	0.507431037645	0.516515610796
2L	2151000	2153000	0.695849158736	1.3011536436	0.75419804646	0.679367378057
2L	2192000	2194000	NA	NA	NA	0.985806484997
2L	2236000	2238000	NA	NA	0.516862513575	0.754663439055
2L	2372000	2374000	NA	0.60019282081	0.981062470621	0.918844491281
2L	2453000	2455000	NA	0.717319011623	0.852413250104	NA
2L	2494000	2496000	NA	NA	0.746888899479	0.872068704006
2L	2578000	2580000	0.551334485629	0.67471339654	0.83875971217	NA
2L	2752000	2754000	NA	0.981840039515	1.26635729166	1.09062077293
2L	2854000	2856000	0.599695559253	0.80374600459	0.874663122155	1.34495544339
2L	2880000	2882000	NA	0.585283514758	0.892954407051	1.24102002648
2L	2916000	2918000	NA	NA	0.609604734824	0.519099600814
2L	2966000	2968000	0.544291555716	NA	NA	0.90522927873
2L	2993000	2995000	NA	NA	0.801115901537	1.05413111851
2L	3031000	3033000	NA	NA	0.628447090223	0.885540083589
2L	3081000	3083000	NA	NA	0.644561140871	0.593352925618
2L	3172000	3174000	NA	NA	NA	0.637885560424
2L	3372000	3374000	NA	NA	NA	0.510705710033
2L	3468000	3470000	NA	0.684178619741	1.00387474288	1.63017835221
2L	3534000	3536000	NA	NA	0.752945481851	1.54800554664
2L	3611000	3613000	0.734448238822	1.12582229641	1.17802248418	1.13998721819
2L	3713000	3715000	NA	NA	0.503008803116	0.535890863765
2L	3770000	3772000	NA	NA	0.557925045931	0.840600179865
2L	3810000	3812000	NA	0.513215092674	0.766910944269	1.51416089838
2L	3868000	3870000	NA	NA	NA	0.911700698822
2L	4022000	4024000	NA	NA	NA	0.629472288823
2L	4184000	4186000	NA	NA	NA	0.600946758236
2L	4224000	4226000	NA	NA	1.02054444179	1.74013747027
2L	4280000	4282000	NA	0.929644224843	0.849333655908	0.759085938554
2L	4344000	4346000	NA	0.55662002401	0.705562009422	1.32223179741
2L	4380000	4382000	NA	0.606097131965	0.725698927877	1.61004959811
2L	4458000	4460000	NA	0.821871192426	1.40503863125	1.19632246565
2L	4685000	4687000	0.818760768009	1.26537343426	NA	NA
2L	4814000	4816000	NA	NA	0.69553788564	0.988811717552
2L	4890000	4892000	NA	0.905588544555	0.92035163486	1.0530827335
2L	4946000	4948000	NA	NA	NA	0.537317258734
2L	4970000	4972000	NA	NA	0.815659242306	1.08229265601
2L	5002000	5004000	NA	0.860664127969	1.00739834181	1.51019802872
2L	5052000	5054000	NA	0.59346655205	0.885609286106	1.34876222991
2L	5096000	5098000	NA	0.70558607313	0.862462237957	1.53833792506
2L	5228000	5230000	NA	NA	0.623336488647	1.08367310259
2L	5273000	5275000	1.4869093547	2.96751395762	2.59436833371	2.05890231867
2L	5324000	5326000	NA	0.924456057751	1.19596214095	1.50330660824
2L	5364000	5366000	NA	0.651268954128	0.779247902735	1.33430895593
2L	5401000	5403000	NA	NA	0.785436831396	0.980530438475
2L	5460000	5462000	NA	0.522800644235	0.717605525874	1.28058561175
2L	5520000	5522000	NA	NA	NA	0.656876287005
2L	5547000	5549000	1.42107297972	1.47143656264	0.935874326436	1.15780483549
2L	5716000	5718000	NA	NA	0.737790011191	1.16496284887
2L	5768000	5770000	NA	NA	NA	0.565612104127
2L	5806000	5808000	NA	NA	NA	0.720436394122
2L	5868000	5870000	NA	NA	0.530177416613	0.761341548249
2L	5904000	5906000	NA	NA	NA	1.08404097874
2L	5943000	5945000	NA	0.572837677842	NA	0.699158374683
2L	5978000	5980000	NA	0.953504781783	1.09374787633	1.27942282261
2L	6066000	6068000	NA	NA	NA	1.25224142856
2L	6098000	6100000	NA	NA	NA	1.10767876782
2L	6177000	6179000	NA	NA	0.551585393661	1.24179012647
2L	6320000	6322000	NA	0.668126513837	0.659313290032	0.844742204437
2L	6374000	6376000	1.51883736388	2.33046141	1.96877946867	NA
2L	6484000	6486000	NA	NA	0.546879775945	1.32370085876
2L	6526000	6528000	NA	0.534398180388	0.846726690283	1.34160108272
2L	6564000	6566000	0.759914581263	1.1445367888	1.52247970765	2.37069927663
2L	6612000	6614000	0.53571084142	0.879550912646	1.3833376088	1.63700069553
2L	6648000	6650000	NA	0.589247389229	0.703733438438	0.831604458083
2L	6680000	6682000	NA	0.527751433278	0.745193892991	1.4104620188
2L	6722000	6724000	NA	0.686036773637	1.14333678788	1.54801612318
2L	6793000	6795000	NA	NA	0.636933636054	1.33212522221
2L	6851000	6853000	NA	NA	0.68615374725	1.45490778595
2L	6916000	6918000	NA	0.582245671993	1.25629573728	1.34501184567
2L	6966000	6968000	NA	0.925116073031	1.37995319939	1.82338759542
2L	7056000	7058000	NA	NA	0.649884746962	1.01019531981
2L	7218000	7220000	NA	NA	0.651248072365	1.00478791687
2L	7250000	7252000	NA	NA	0.675149182779	0.905394718935
2L	7283000	7285000	NA	NA	0.704432501474	1.16455099437
2L	7310000	7312000	NA	0.541090313592	0.736648203955	1.07136482337
2L	7418000	7420000	NA	NA	NA	0.86211754766
2L	7494000	7496000	0.503045909429	0.770394697933	1.15506101221	1.55276156944
2L	7537000	7539000	NA	NA	0.690923457214	1.12052707783
2L	7594000	7596000	NA	0.510667246578	0.664098134866	0.970457006286
2L	7640000	7642000	NA	0.675215434888	0.926648877381	1.24809579713
2L	7826000	7828000	NA	0.754017048619	1.01912864985	1.46901203461
2L	7888000	7890000	NA	0.710079100351	1.21175714414	1.85256410289
2L	8036000	8038000	NA	0.848558241112	1.15533095488	1.17584652203
2L	8082000	8084000	NA	0.849846995338	1.1777363365	2.15770339428
2L	8129000	8131000	NA	NA	0.609872355947	0.889314421821
2L	8160000	8162000	NA	NA	0.830615592383	1.67179698353
2L	8210000	8212000	NA	0.520039444154	0.742690220084	1.12344845838
2L	8264000	8266000	NA	NA	NA	0.542109317664
2L	8304000	8306000	NA	0.671111589879	1.00586809393	1.20143198379
2L	8326000	8328000	0.540890021111	NA	NA	NA
2L	8362000	8364000	NA	NA	0.976750905495	1.71227606272
2L	8414000	8416000	NA	0.504059938063	0.835554662727	1.00573229777
2L	8476000	8478000	NA	0.618310616234	0.693220162019	0.850451809803
2L	8514000	8516000	NA	NA	0.677420845258	0.711076294993
2L	8538000	8540000	NA	NA	NA	0.56520092927
2L	8681000	8683000	NA	NA	0.542211106213	0.820451725525
2L	8740000	8742000	NA	NA	0.605493556467	0.750366624138
2L	8886000	8888000	NA	NA	0.640818551116	1.42322298899
2L	8950000	8952000	NA	NA	NA	0.778979419278
2L	9118000	9120000	NA	NA	0.929460317946	1.36821229486
2L	9161000	9163000	NA	NA	0.574114256617	0.945380383034
2L	9256000	9258000	NA	NA	NA	0.637386050015
2L	9324000	9326000	NA	NA	0.676609418646	0.75805324953
2L	9416000	9418000	NA	0.516520155047	0.50944981303	NA
2L	9522000	9524000	NA	NA	0.526587921326	1.16646481284
2L	9572000	9574000	NA	0.737007622691	1.11369867201	2.24825653708
2L	9616000	9618000	NA	0.766807771571	1.17078094017	2.37406074485
2L	9704000	9706000	NA	0.736916457394	1.11066180666	1.37969351734
2L	9756000	9758000	NA	NA	NA	0.851914652799
2L	9796000	9798000	NA	NA	NA	0.556756941084
2L	9886000	9888000	NA	NA	NA	0.769942666579
2L	10000000	10002000	NA	0.799244075751	0.848378336298	1.33328547979
2L	10054000	10056000	NA	0.542914803547	0.61347283582	0.706314093462
2L	10078000	10080000	NA	0.550820872732	NA	NA
2L	10200000	10202000	NA	0.608417658858	0.785495088622	1.09030275869
2L	10261000	10263000	NA	NA	0.717935755337	0.766305711937
2L	10298000	10300000	NA	NA	NA	1.01144347759
2L	10334000	10336000	NA	NA	0.663023349375	0.752252420606
2L	10427000	10429000	NA	NA	0.558752040409	1.10907009017
2L	10480000	10482000	NA	0.508348046634	0.637461464612	0.818993091352
2L	10510000	10512000	NA	NA	NA	0.731570832144
2L	10728000	10730000	NA	NA	0.842018052837	1.0022562917
2L	10772000	10774000	NA	NA	NA	0.688918954242
2L	10854000	10856000	NA	0.506987984009	0.66603994585	0.730266484973
2L	11007000	11009000	NA	NA	0.674630111003	1.47957207651
2L	11073000	11075000	NA	0.604368547206	0.717185157207	NA
2L	11088000	11090000	NA	NA	NA	1.07341706562
2L	11130000	11132000	NA	NA	0.570018997404	1.16782919345
2L	11174000	11176000	NA	NA	0.590317060881	1.05530971694
2L	11276000	11278000	NA	NA	NA	0.719061396191
2L	11356000	11358000	NA	NA	NA	0.554038138188
2L	11442000	11444000	NA	0.746983788413	0.669425174697	0.778062960324
2L	11518000	11520000	NA	0.554568888776	0.895938690965	1.27549307572
2L	11788000	11790000	NA	0.619276203464	0.817373351622	0.696147227734
2L	11808000	11810000	NA	NA	NA	0.573506574427
2L	11836000	11838000	NA	NA	NA	0.50920822755
2L	11946000	11948000	NA	NA	NA	0.582900670414
2L	12002000	12004000	NA	NA	NA	0.786175402353
2L	12058000	12060000	NA	NA	NA	0.54398858101
2L	12099000	12101000	NA	NA	0.726119727273	1.47998455079
2L	12328000	12330000	NA	NA	NA	0.548090860821
2L	12426000	12428000	NA	0.608563052095	0.94613036395	1.20705677712
2L	12458000	12460000	NA	0.733440473982	0.777571101702	0.764945291046
2L	12518000	12520000	NA	NA	0.638222576071	0.827778150929
2L	12545000	12547000	NA	NA	0.707760035587	0.971165034744
2L	12606000	12608000	NA	NA	NA	0.581820893562
2L	12680000	12682000	NA	NA	NA	0.8182860933
2L	12716000	12718000	NA	NA	0.522569425466	NA
2L	12906000	12908000	NA	NA	0.568538154486	NA
2L	12993000	12995000	NA	NA	0.56398975838	0.681979823821
2L	13024000	13026000	NA	NA	0.75274027227	1.26474890702
2L	13158000	13160000	NA	0.543665280779	0.73040750134	1.04794435771
2L	13214000	13216000	NA	0.745713160073	0.96871322361	1.26699167868
2L	13246000	13248000	NA	0.859973252778	1.17745102006	1.87639823485
2L	13294000	13296000	NA	NA	NA	0.672717871235
2L	13365000	13367000	NA	NA	0.533664998641	1.29558594583
2L	13392000	13394000	NA	NA	NA	0.701086865395
2L	13497000	13499000	NA	NA	0.624012981887	0.746885191874
2L	13550000	13552000	NA	NA	NA	0.558136085367
2L	13772000	13774000	NA	NA	NA	0.66043960631
2L	13834000	13836000	NA	0.667534629667	0.758153518674	1.40911159175
2L	13906000	13908000	NA	0.722475217259	0.979437387343	1.20864424977
2L	14094000	14096000	0.557440263849	0.896974797972	1.0211963861	0.999977726069
2L	14156000	14158000	NA	NA	0.50553424488	0.675823856157
2L	14254000	14256000	NA	0.638880264573	0.618974212586	0.844407186783
2L	14286000	14288000	NA	NA	0.507290187083	0.611000228199
2L	14356000	14358000	NA	NA	0.94631885152	1.45325410172
2L	14426000	14428000	NA	NA	NA	0.558134579528
2L	14486000	14488000	NA	0.970513419204	0.922774757332	0.748720319373
2L	14587000	14589000	NA	NA	0.611421762025	1.1097913034
2L	14786000	14788000	0.569667213787	NA	0.631599184963	0.615007542978
2L	14876000	14878000	0.567741279858	0.750844119658	0.637764895485	0.904091564953
2L	14960000	14962000	NA	NA	NA	0.517723127953
2L	15006000	15008000	NA	0.723498918779	0.966610009785	1.25652443039
2L	15062000	15064000	NA	NA	0.808514274812	1.44134017067
2L	15244000	15246000	NA	NA	NA	0.65115316373
2L	15270000	15272000	NA	0.589952664358	0.785044366292	1.0150346507
2L	15306000	15308000	NA	NA	NA	0.52936415135
2L	15334000	15336000	0.588709711637	0.558968232434	0.548845324342	0.787897768294
2L	15470000	15472000	0.58537846203	0.680106714444	0.609465015307	NA
2L	15498000	15500000	NA	0.555544715599	1.13428735619	1.56294961649
2L	15750000	15752000	NA	NA	NA	0.592400935928
2L	15772000	15774000	NA	NA	0.560939786647	0.750362518492
2L	16108000	16110000	NA	NA	NA	0.507396006947
2L	16220000	16222000	NA	NA	NA	0.740366799663
2L	16286000	16288000	NA	NA	0.575016360897	0.5567824996
2L	16326000	16328000	NA	0.667571653936	1.03933685237	0.880115933293
2L	16354000	16356000	NA	0.528232015467	0.787919902719	1.13766200573
2L	16404000	16406000	NA	NA	0.618615198447	NA
2L	16418000	16420000	NA	NA	NA	0.648432634801
2L	16486000	16488000	NA	0.699999058689	1.29450548445	2.14155601873
2L	16678000	16680000	NA	NA	NA	0.795099389915
2L	16738000	16740000	NA	NA	0.648123443068	1.1386258194
2L	16816000	16818000	NA	NA	NA	0.93306002343
2L	16880000	16882000	NA	NA	0.50094901624	0.862545410671
2L	16928000	16930000	NA	NA	NA	0.936435894717
2L	17184000	17186000	NA	NA	NA	0.52465468378
2L	17258000	17260000	NA	0.62115345469	0.573205563626	NA
2L	17380000	17382000	NA	NA	0.674590704289	0.925725253567
2L	17789000	17791000	NA	NA	0.754120049672	1.14328888664
2L	18009000	18011000	NA	NA	0.504616652676	0.56395535686
2L	18154000	18156000	0.601595063774	1.10621316813	1.18837372293	1.43165647361
2L	18294000	18296000	NA	NA	NA	0.769808457568
2L	18442000	18444000	NA	0.583039857964	1.16005056535	1.49625513711
2L	18484000	18486000	NA	NA	0.777491542262	0.784468983914
2L	18594000	18596000	NA	0.610666070803	0.715615527521	NA
2L	18610000	18612000	NA	NA	NA	0.887437111292
2L	18708000	18710000	NA	NA	0.524301287125	0.968761217996
2L	18778000	18780000	NA	NA	0.621697141993	1.34669886451
2L	18832000	18834000	NA	NA	NA	0.770062127875
2L	18860000	18862000	NA	0.539398261937	NA	0.856968067809
2L	18942000	18944000	NA	0.600108825501	0.676176924302	1.39408060869
2L	19006000	19008000	NA	NA	0.566925638602	0.725286671255
2L	19054000	19056000	NA	NA	0.567745011008	0.780665473122
2L	19128000	19130000	NA	NA	0.57597673658	1.20095375533
2L	19184000	19186000	NA	NA	NA	0.675960851072
2L	19312000	19314000	0.562624743262	0.628284110566	0.582879456695	0.561976473383
2L	19424000	19426000	NA	NA	NA	1.04405311135
2L	19448000	19450000	NA	0.564845845018	1.1134341604	1.24559672908
2L	19492000	19494000	NA	NA	NA	0.760079155179
2L	19534000	19536000	NA	NA	0.604788436775	0.896321297855
2L	19574000	19576000	NA	0.987785610196	1.77901663683	2.22733665414
2L	19812000	19814000	0.648772946382	1.14269492683	1.35404184267	1.79477553289
2L	19862000	19864000	NA	NA	NA	0.564460244997
2L	19885000	19887000	NA	NA	0.622330896422	0.803404703649
2L	19924000	19926000	NA	NA	0.581421881694	0.626975254663
2L	19960000	19962000	NA	NA	NA	0.720901974181
2L	20062000	20064000	0.510254604661	0.806023407524	1.26797871452	1.57289054196
2L	20094000	20096000	NA	NA	NA	0.769870931366
2L	20120000	20122000	NA	NA	NA	1.10242270927
2L	20344000	20346000	NA	NA	0.834412204694	1.20217781994
2L	20630000	20632000	0.762363624042	0.77789960592	0.864901561428	1.29278830408
2L	20681000	20683000	NA	NA	0.65406795287	1.05297894253
2L	20730000	20732000	NA	NA	NA	0.508542677546
2L	20756000	20758000	NA	NA	NA	0.728737583969
2L	20776000	20778000	NA	0.751622142603	NA	NA
2L	20790000	20792000	NA	NA	0.595949232741	1.48472063974
2L	20918000	20920000	NA	0.601891981015	0.845512151466	1.85010963078
2L	21050000	21052000	NA	NA	NA	0.541782125803
2L	21096000	21098000	NA	0.791843969615	0.99762369862	1.53938101046
2L	21144000	21146000	NA	NA	0.595525933227	1.36939582331
2L	21183000	21185000	0.639564967598	0.685664031935	0.772579661436	1.28118782718
2L	21218000	21220000	NA	NA	NA	1.24463927341
2L	21262000	21264000	NA	NA	NA	0.67413900048
2L	21306000	21308000	NA	NA	NA	0.902887970665
2L	21342000	21344000	NA	NA	NA	0.551511115565
2L	21622000	21624000	NA	NA	0.537441340564	0.797267409312
2L	21656000	21658000	NA	0.559584408641	0.55496486637	0.695675712514
2L	21682000	21684000	NA	NA	NA	0.937652424362
2L	21754000	21756000	NA	0.68979060533	1.14523407309	1.37938287331
2L	21826000	21828000	NA	NA	NA	0.983961700452
2L	21907000	21909000	NA	NA	0.552641467676	1.15209183643
2L	22082000	22084000	0.670589117424	0.576964772154	0.521924157173	NA
2L	22114000	22116000	NA	NA	NA	0.809713101327
2L	22172000	22174000	NA	NA	0.513357534063	1.07842077574
2R	3135000	3137000	NA	0.540793214634	0.682980165025	NA
2R	4620000	4622000	NA	NA	NA	0.973344963608
2R	4730000	4732000	NA	NA	NA	0.763416959571
2R	4942000	4944000	0.543409188846	0.536852079574	0.531059116903	NA
2R	4974000	4976000	NA	0.50117767394	NA	NA
2R	5106000	5108000	1.39576243338	1.1428361847	1.09992603263	1.09697126011
2R	5255000	5257000	NA	NA	0.545126123922	1.12420699502
2R	5298000	5300000	NA	NA	NA	0.798036267659
2R	5652000	5654000	NA	NA	NA	0.832089169215
2R	5656000	5658000	NA	NA	NA	0.832089169215
2R	5664000	5666000	NA	NA	0.514473691984	0.832089169215
2R	5697000	5699000	NA	NA	0.638220730513	1.48325017219
2R	5754000	5756000	NA	NA	NA	1.12899347085
2R	5784000	5786000	NA	NA	NA	0.530371872705
2R	5975000	5977000	NA	NA	0.552739212607	1.16815070743
2R	6016000	6018000	NA	NA	NA	0.778934539002
2R	6036000	6038000	NA	NA	0.700115424608	1.26648522744
2R	6078000	6080000	NA	0.636178426007	0.82805284822	1.41303732283
2R	6192000	6194000	NA	0.803153281606	1.14705077927	0.602834883894
2R	6570000	6572000	NA	0.593996701631	NA	0.864313708063
2R	6610000	6612000	NA	NA	0.804615290656	NA
2R	6618000	6620000	NA	0.659129191145	NA	0.971363798178
2R	6664000	6666000	NA	0.807804228683	1.21552108155	1.70374545358
2R	6712000	6714000	NA	NA	NA	0.734238693074
2R	6751000	6753000	NA	NA	0.515863584142	0.891550153871
2R	6810000	6812000	0.664009919636	0.989091630961	1.10429155585	1.17563421273
2R	6872000	6874000	NA	NA	NA	0.58060198475
2R	6920000	6922000	NA	NA	0.578257968711	0.909543748574
2R	6976000	6978000	NA	NA	NA	0.670475395124
2R	7180000	7182000	NA	NA	0.588206174483	NA
2R	7246000	7248000	0.587766556924	NA	NA	NA
2R	7281000	7283000	NA	NA	0.586562471771	0.684073853072
2R	7380000	7382000	NA	0.606200770977	0.909402671763	1.21072595471
2R	7407000	7409000	NA	NA	0.686001311786	0.715219027208
2R	7452000	7454000	NA	NA	1.30161168316	NA
2R	7482000	7484000	1.01114048068	1.85983228356	2.59634660087	1.16212594479
2R	7532000	7534000	NA	0.698245501225	1.04457788545	2.00749015291
2R	7590000	7592000	NA	0.682993026607	1.01601715621	1.422239644
2R	7780000	7782000	NA	NA	NA	0.621859619539
2R	7912000	7914000	0.762087233946	0.791843344195	1.14802216598	1.59851091767
2R	7960000	7962000	NA	NA	0.903343336355	NA
2R	8012000	8014000	NA	NA	0.671182379436	1.11481874095
2R	8062000	8064000	NA	0.841540701975	1.15465802886	1.44331473924
2R	8130000	8132000	0.523205015416	0.840779232231	1.05460272075	1.23498602589
2R	8172000	8174000	NA	0.549518333593	0.784748388421	1.17258784295
2R	8230000	8232000	0.672270575407	0.819796583578	0.573372724646	NA
2R	8250000	8252000	NA	0.575838907799	1.14606099879	1.51499185399
2R	8597000	8599000	NA	0.619403286832	NA	0.577802148841
2R	8626000	8628000	NA	NA	NA	0.825763195958
2R	8666000	8668000	NA	0.520122938318	1.09545665693	1.36550579494
2R	8724000	8726000	NA	NA	0.658360791802	0.96099605749
2R	8800000	8802000	NA	NA	NA	0.506265842084
2R	8894000	8896000	NA	NA	NA	1.03805911523
2R	8950000	8952000	NA	0.690827610903	1.01041719879	1.41588573785
2R	8992000	8994000	NA	NA	0.676773449418	1.0009143469
2R	9092000	9094000	NA	NA	NA	0.893684886711
2R	9132000	9134000	NA	NA	0.582528846542	1.17687893221
2R	9184000	9186000	NA	NA	NA	0.501963137396
2R	9202000	9204000	NA	NA	0.60700751142	0.668164761072
2R	9246000	9248000	NA	NA	NA	0.644760488534
2R	9289000	9291000	NA	NA	0.905518064894	1.51307488507
2R	9396000	9398000	NA	0.595120432396	0.92856672248	1.36188377457
2R	9442000	9444000	NA	0.663934196101	0.952660244257	1.25943372632
2R	9540000	9542000	NA	NA	0.72999584126	1.22730049056
2R	9588000	9590000	NA	0.514965652114	0.684695903371	1.53010211396
2R	9692000	9694000	NA	0.632551650463	0.905697865429	1.41110859047
2R	9812000	9814000	NA	NA	NA	0.80264212357
2R	9869000	9871000	NA	NA	0.528924564729	1.04448127029
2R	9908000	9910000	NA	NA	NA	0.666856348544
2R	9962000	9964000	NA	0.649089341895	1.05807426792	1.39842272662
2R	9990000	9992000	0.800780228586	0.967670768482	1.05109339868	1.11428947132
2R	10026000	10028000	NA	NA	NA	0.53597477738
2R	10046000	10048000	NA	NA	0.586707681044	0.574935055251
2R	10074000	10076000	NA	0.670469561696	0.684596527456	0.706470603097
2R	10098000	10100000	NA	NA	NA	0.934393386285
2R	10204000	10206000	NA	NA	0.549165210347	0.827977364898
2R	10250000	10252000	NA	NA	0.591460861685	0.831011667801
2R	10344000	10346000	0.585538832311	0.573121294822	0.572679401856	NA
2R	10426000	10428000	NA	0.604442134451	1.0827721176	1.27064962679
2R	10476000	10478000	NA	1.05114092231	1.3953475671	1.54955273604
2R	10528000	10530000	0.675972393434	1.8717392737	2.17370117302	1.96261592839
2R	10558000	10560000	NA	NA	NA	0.84000350464
2R	10806000	10808000	NA	0.683490710179	1.2702933751	1.5295119806
2R	10876000	10878000	NA	NA	NA	0.684471164333
2R	10897000	10899000	NA	NA	0.662267086643	1.06239303535
2R	11132000	11134000	NA	NA	NA	0.514595813891
2R	11196000	11198000	NA	NA	NA	0.549438309612
2R	11234000	11236000	NA	NA	NA	0.508799390637
2R	11276000	11278000	NA	NA	NA	0.617620572533
2R	11306000	11308000	NA	NA	0.561141449935	0.737989052041
2R	11364000	11366000	NA	NA	NA	0.745001382676
2R	11402000	11404000	NA	0.709692935689	1.05566471935	1.20681449859
2R	11450000	11452000	0.52266111656	1.01924989625	1.08819697621	0.983091291098
2R	11472000	11474000	NA	NA	NA	0.682993226681
2R	11525000	11527000	NA	NA	0.674954526845	1.10864008616
2R	11583000	11585000	NA	NA	0.516487976211	0.946798413123
2R	11620000	11622000	NA	NA	NA	0.503300229796
2R	11646000	11648000	NA	NA	0.535645412281	0.571112798601
2R	11708000	11710000	NA	NA	NA	0.757183585369
2R	11750000	11752000	NA	NA	NA	0.566741426859
2R	11788000	11790000	NA	0.779411807785	1.07774085976	1.10852301811
2R	11850000	11852000	NA	NA	NA	0.926921480825
2R	11894000	11896000	NA	0.53413552678	1.03388266488	2.03316086823
2R	11968000	11970000	NA	NA	NA	0.590659879305
2R	11984000	11986000	NA	NA	0.737586322448	0.817554771616
2R	12034000	12036000	NA	NA	0.861225699734	1.20618016436
2R	12138000	12140000	NA	0.688217742618	0.961590940856	1.45814475455
2R	12172000	12174000	NA	0.672536641411	1.06042968145	1.63505756479
2R	12206000	12208000	0.68160293752	1.20018221303	1.2606550827	1.06666634654
2R	12320000	12322000	NA	NA	NA	0.756513500171
2R	12340000	12342000	NA	0.638200200537	0.671071655008	0.750068038322
2R	12428000	12430000	NA	NA	NA	0.776228547343
2R	12455000	12457000	0.651762213889	1.23569211398	1.87433200887	1.06658443895
2R	12524000	12526000	NA	0.633761861321	0.886983779857	1.5079207123
2R	12588000	12590000	NA	0.678126366304	1.08787585732	1.26411252451
2R	12612000	12614000	NA	NA	NA	0.593950052256
2R	12635000	12637000	NA	NA	0.636960521094	1.00278815934
2R	12756000	12758000	NA	NA	NA	1.23334627377
2R	12764000	12766000	0.543035024675	NA	0.665033766534	NA
2R	12868000	12870000	NA	NA	0.682567539143	1.11241364511
2R	12914000	12916000	NA	0.668320126804	0.978300882676	1.47642844711
2R	12947000	12949000	NA	NA	0.588822725751	0.884177729521
2R	12987000	12989000	NA	NA	0.800748769759	0.762384686081
2R	13042000	13044000	NA	0.630401422212	0.901961495257	1.27485016186
2R	13124000	13126000	NA	0.504655697033	0.644785093515	1.22473649326
2R	13160000	13162000	NA	NA	0.525579084923	0.871345279695
2R	13194000	13196000	NA	0.657216717195	0.786655705689	0.823471761058
2R	13234000	13236000	NA	NA	0.558689434621	0.897438627438
2R	13302000	13304000	0.501583693618	0.606676551003	NA	0.530541106466
2R	13446000	13448000	0.636905141657	1.00485569696	1.10632003809	1.25878190748
2R	13504000	13506000	NA	0.86311747227	1.03563323081	1.33355892526
2R	13555000	13557000	0.64729426062	1.23711420215	1.6827245918	1.89628963245
2R	13588000	13590000	NA	NA	0.658248682028	1.17780301821
2R	13821000	13823000	NA	NA	0.650397759097	0.757028306252
2R	13858000	13860000	NA	NA	0.792290772888	1.35948414564
2R	13958000	13960000	NA	0.625882732291	0.788050862074	1.06518957908
2R	13989000	13991000	NA	NA	0.748838759746	1.03563709242
2R	14143000	14145000	NA	NA	0.540147462821	0.658541544408
2R	14170000	14172000	NA	0.616904105135	0.88049848618	1.26528810169
2R	14214000	14216000	0.508667960068	0.933728702378	1.25303138322	1.435026115
2R	14268000	14270000	NA	NA	NA	0.7741016988
2R	14304000	14306000	NA	0.689224091825	1.01732741941	1.48064164584
2R	14356000	14358000	NA	NA	NA	0.641009359347
2R	14428000	14430000	0.503174450355	0.927243376015	1.3794408159	1.56506921528
2R	14480000	14482000	NA	NA	NA	0.719548589146
2R	14620000	14622000	NA	0.796883005026	1.23577653963	1.64600447175
2R	14752000	14754000	NA	0.666296437891	0.818283774141	1.09102114835
2R	14858000	14860000	NA	NA	1.0171215032	1.22238272949
2R	14928000	14930000	NA	NA	NA	0.877822816678
2R	14962000	14964000	NA	NA	NA	0.580306912386
2R	14986000	14988000	NA	NA	0.613256549642	0.696365658912
2R	15034000	15036000	NA	NA	NA	0.696365658912
2R	15144000	15146000	NA	0.517105708264	0.659439804202	0.901281217478
2R	15214000	15216000	NA	NA	NA	0.548248614242
2R	15243000	15245000	NA	0.549492391936	NA	0.590355716128
2R	15278000	15280000	NA	NA	NA	0.701811264223
2R	15306000	15308000	0.502220182718	0.664509647203	0.929442465686	1.21447890447
2R	15380000	15382000	NA	0.958662395067	1.33584899331	1.69933083531
2R	15506000	15508000	NA	NA	NA	0.778825973536
2R	15530000	15532000	NA	0.65525023546	0.990751970641	1.15181470652
2R	15570000	15572000	NA	0.58716618645	0.941363642066	1.27547246116
2R	15694000	15696000	0.532219372122	0.809140575388	0.780053380409	0.827998635557
2R	15733000	15735000	NA	NA	0.568803136452	1.05652776902
2R	15758000	15760000	NA	NA	NA	0.759604097531
2R	15786000	15788000	NA	NA	0.560741791942	NA
2R	15816000	15818000	NA	0.632837778648	1.08747540213	1.55328428261
2R	15849000	15851000	NA	0.589707935807	NA	0.598057634278
2R	15868000	15870000	NA	NA	0.510716090919	0.564666082681
2R	15932000	15934000	NA	0.695034147011	1.3368840259	1.94843395383
2R	16001000	16003000	NA	NA	NA	0.907194311315
2R	16006000	16008000	NA	0.631053817273	0.947163567233	0.907194311315
2R	16100000	16102000	NA	NA	0.78091121291	1.09376270223
2R	16146000	16148000	NA	NA	NA	0.652202700594
2R	16182000	16184000	NA	NA	NA	0.548371537615
2R	16220000	16222000	NA	NA	NA	0.691184993452
2R	16288000	16290000	NA	NA	NA	0.625632962077
2R	16343000	16345000	NA	NA	0.654487129521	1.16565709822
2R	16576000	16578000	NA	NA	NA	1.12131202566
2R	16580000	16582000	NA	NA	NA	1.12131202566
2R	16586000	16588000	NA	NA	NA	1.12131202566
2R	16668000	16670000	NA	NA	NA	0.516549944757
2R	16774000	16776000	NA	0.532861076265	0.83205656762	1.15334326121
2R	16849000	16851000	0.612457859925	0.746769069429	0.877840771132	1.148089989
2R	16867000	16869000	NA	NA	0.563000593511	0.903783220475
2R	17002000	17004000	NA	NA	NA	1.39920927291
2R	17014000	17016000	NA	0.545865304046	1.04810449582	NA
2R	17058000	17060000	NA	NA	NA	1.36786256597
2R	17100000	17102000	0.609639238877	0.903341774829	1.20760424313	1.4221263746
2R	17206000	17208000	NA	NA	NA	0.558158905189
2R	17440000	17442000	0.678983746601	NA	NA	NA
2R	17456000	17458000	NA	0.586474351642	NA	1.03753411799
2R	17510000	17512000	NA	NA	NA	0.822384826354
2R	17544000	17546000	NA	0.692738260944	1.37094070766	1.44373400117
2R	17590000	17592000	NA	0.802540440939	1.25654576068	1.19073075177
2R	17668000	17670000	NA	NA	0.800006251413	1.26346051934
2R	17678000	17680000	NA	0.545609220325	NA	NA
2R	17718000	17720000	NA	0.529077674866	NA	NA
2R	17730000	17732000	NA	NA	NA	0.71576845071
2R	17800000	17802000	NA	0.78703469779	0.919009518016	1.10281176607
2R	17850000	17852000	NA	NA	NA	0.64841790213
2R	17870000	17872000	NA	NA	0.674526861468	0.752429459688
2R	18088000	18090000	NA	NA	NA	0.717299785126
2R	18130000	18132000	NA	0.566562320144	0.765675433164	1.04059096536
2R	18228000	18230000	NA	NA	0.523872042231	0.603630544159
2R	18282000	18284000	NA	NA	0.538674777824	1.03464401827
2R	18410000	18412000	NA	NA	0.7490671154	1.52803308085
2R	18451000	18453000	0.533116251903	0.905683284637	1.20780166855	1.63222765704
2R	18550000	18552000	NA	NA	NA	0.521427412246
2R	18635000	18637000	NA	NA	0.514811205237	0.529237102883
2R	18686000	18688000	NA	NA	NA	0.535567971757
2R	18800000	18802000	NA	NA	0.823499775806	1.15033290199
2R	18852000	18854000	NA	NA	0.541231232161	1.34903371876
2R	19135000	19137000	NA	NA	0.533832285827	0.993830948655
2R	19172000	19174000	NA	NA	NA	0.575258737717
2R	19222000	19224000	NA	NA	NA	0.645369119283
2R	19250000	19252000	NA	0.527930337377	0.666193550366	0.884905433945
2R	19288000	19290000	NA	0.540099892739	0.774782009715	1.06070371128
2R	19356000	19358000	NA	NA	0.551965085933	0.83928750054
2R	19392000	19394000	NA	NA	NA	0.520801201779
2R	19448000	19450000	NA	NA	0.640644443463	1.27253368932
2R	19502000	19504000	NA	NA	NA	1.01107590276
2R	19558000	19560000	NA	0.530976339829	NA	NA
2R	19630000	19632000	NA	NA	NA	0.898614193447
2R	19659000	19661000	1.70457373263	2.3642202104	2.14893147046	0.58932465456
2R	19872000	19874000	NA	NA	NA	0.616117739301
2R	19938000	19940000	NA	NA	NA	0.552297731494
2R	20028000	20030000	NA	NA	NA	0.973397541197
2R	20114000	20116000	NA	NA	NA	1.11705396229
2R	20258000	20260000	NA	0.793081635363	0.867448432597	0.773069191821
2R	20309000	20311000	0.883180798081	1.20239592568	NA	NA
2R	20538000	20540000	0.555350917163	0.926562935652	1.16768144237	0.852294441107
2R	20600000	20602000	NA	0.593367265829	0.972420088603	0.834552747133
2R	20644000	20646000	NA	0.584267427258	0.888961690908	1.18259898405
2R	20668000	20670000	NA	NA	NA	0.519100436654
2R	20830000	20832000	NA	0.507950035729	0.885653687188	1.1118227517
2R	20879000	20881000	NA	NA	0.50366044382	0.659870023567
2R	20906000	20908000	NA	NA	0.514638720886	0.85035190695
2R	20966000	20968000	0.662666920219	0.811444160989	1.00833302518	1.18380955317
2R	21016000	21018000	NA	NA	NA	0.823527449114
2R	21054000	21056000	0.74002905474	1.20523341797	1.6695995716	1.78058980813
2R	21096000	21098000	NA	NA	NA	0.684914780913
2R	21138000	21140000	NA	NA	NA	0.541630904863
2R	21164000	21166000	NA	NA	NA	0.585855154784
2R	21192000	21194000	NA	0.598566925286	NA	NA
2R	21250000	21252000	NA	0.511126744885	0.808280836473	0.895461220662
2R	21288000	21290000	NA	0.61229591603	1.01603811299	1.35211573492
2R	21380000	21382000	NA	NA	0.502704756369	0.661042967785
2R	21474000	21476000	NA	0.609077257776	1.08850053613	1.24685157239
2R	21524000	21526000	NA	NA	NA	0.75074957101
2R	21548000	21550000	0.773339016111	1.170873939	0.801772719814	0.854261523768
2R	21618000	21620000	NA	NA	0.523587781639	0.843417105138
2R	21690000	21692000	NA	NA	0.509216996116	1.00148048871
2R	21720000	21722000	NA	NA	NA	0.562656973887
2R	21966000	21968000	NA	NA	0.550339696195	NA
2R	22062000	22064000	NA	0.607789143961	0.889723427124	1.1717829537
2R	22128000	22130000	NA	0.554145974196	0.779993192824	1.18774105828
2R	22180000	22182000	NA	NA	0.773582242806	1.20830010689
2R	22316000	22318000	NA	0.843670070713	1.42210779243	1.41980997844
2R	22412000	22414000	NA	0.787821747459	1.36080885947	1.58356457278
2R	22504000	22506000	NA	NA	NA	0.520793607689
2R	22559000	22561000	NA	NA	0.654232476724	1.12982657773
2R	22602000	22604000	NA	NA	0.751976076474	1.29272304131
2R	22639000	22641000	NA	NA	1.02478002729	1.77518256044
2R	22693000	22695000	0.705216448704	1.35938058752	1.50977889955	1.4223154324
2R	22735000	22737000	0.512273505236	0.753581653412	0.734316901544	0.6832956151
2R	22800000	22802000	0.688749552181	1.23267798692	1.72335237338	1.93511422189
2R	22854000	22856000	NA	0.576783323803	0.739287836154	0.973462990348
2R	22884000	22886000	NA	NA	0.599726850928	0.976464606775
2R	22936000	22938000	NA	0.60948397306	0.937986687358	1.38188022733
2R	23000000	23002000	NA	NA	NA	0.639512198082
2R	23042000	23044000	NA	0.80036156142	0.944529261893	1.12809201101
2R	23076000	23078000	0.667314685588	0.762138108335	0.937675557532	1.33134447416
2R	23353000	23355000	NA	NA	0.653333334887	1.5383755285
2R	23384000	23386000	NA	NA	NA	0.677931467117
2R	23440000	23442000	0.568289938674	NA	0.575526067661	0.537315058935
2R	23512000	23514000	NA	NA	0.638174941807	0.711658423557
2R	23552000	23554000	NA	0.71192512179	0.890387329614	1.23572091623
2R	23650000	23652000	NA	0.913530405243	1.11231357893	0.983243249407
2R	23706000	23708000	NA	0.792224553409	1.09553716873	1.61234216088
2R	23746000	23748000	NA	0.603353028601	NA	0.813038932448
2R	23806000	23808000	NA	NA	NA	0.652621978937
2R	23846000	23848000	NA	NA	0.7385292475	1.27137403399
2R	23894000	23896000	NA	NA	NA	0.723414609826
2R	23974000	23976000	NA	NA	0.721437079055	1.32664509458
2R	24024000	24026000	NA	0.596766965038	1.0158479203	1.53508899391
2R	24060000	24062000	NA	NA	NA	1.01013233228
2R	24196000	24198000	NA	0.515868193901	0.507394813275	0.713705213209
2R	24265000	24267000	NA	NA	0.514897928496	0.812288631217
2R	24308000	24310000	NA	NA	NA	0.648481016954
2R	24337000	24339000	NA	NA	0.64667999841	1.038935658
2R	24512000	24514000	NA	NA	0.665915187726	0.614431319258
2R	24603000	24605000	NA	NA	0.740307141407	1.18301745173
2R	24667000	24669000	NA	0.775299514428	0.839485117038	NA
2R	24792000	24794000	NA	NA	NA	0.792673553502
2R	24872000	24874000	NA	NA	0.643941359269	0.992185908865
2R	24942000	24944000	NA	NA	NA	0.697076174612
2R	24966000	24968000	NA	NA	NA	0.708962515902
2R	25008000	25010000	NA	0.533571212172	1.12901521797	1.50924043742
2R	25038000	25040000	NA	NA	NA	0.937852939675
2R	25081000	25083000	NA	NA	0.756515618191	1.32863720778
2R	25184000	25186000	NA	NA	NA	1.11283321974
3L	174000	176000	NA	NA	NA	1.02232273581
3L	222000	224000	NA	NA	NA	0.670427653612
3L	248000	250000	NA	0.572638337757	NA	NA
3L	255000	257000	NA	NA	0.559752951666	1.08620349095
3L	294000	296000	0.568825783275	0.927207069717	1.21047127632	1.5550752996
3L	322000	324000	NA	0.54479407534	0.58345809004	1.0003384937
3L	370000	372000	0.75853599285	0.913991292088	0.8822224663	0.772722373073
3L	438000	440000	NA	NA	NA	0.643137443145
3L	504000	506000	0.860794207271	0.830466431155	0.966963711425	1.23599487965
3L	540000	542000	NA	0.642612090036	1.25444654801	2.10666814688
3L	602000	604000	NA	NA	0.531493960143	1.18054362959
3L	646000	648000	NA	0.547290951329	1.0257869302	1.76425570874
3L	686000	688000	NA	NA	NA	0.87715538527
3L	706000	708000	NA	NA	0.711881050248	1.26253604501
3L	750000	752000	NA	0.507919567075	0.669951663761	1.16678779601
3L	830000	832000	0.558927666179	0.939583058678	1.60843519409	1.6847593172
3L	870000	872000	NA	NA	NA	0.579998133241
3L	908000	910000	NA	NA	NA	0.631277936093
3L	1178000	1180000	NA	NA	0.589055853981	0.62535488346
3L	1247000	1249000	NA	NA	0.566213305914	0.667048663651
3L	1296000	1298000	NA	0.753343476981	1.18374514632	2.01492024925
3L	1350000	1352000	NA	0.558610082455	0.779166812259	1.39656211371
3L	1402000	1404000	NA	0.57136664042	0.769494953493	0.642936710068
3L	1460000	1462000	NA	0.521038663659	0.766890766224	0.726788584528
3L	1495000	1497000	NA	0.539185900981	0.589721017494	NA
3L	1541000	1543000	NA	0.511835181971	NA	0.596912984078
3L	1570000	1572000	0.553746416476	1.31734237368	1.37413869602	1.34745374919
3L	1644000	1646000	0.771373104251	0.882722116657	NA	0.618746926736
3L	1666000	1668000	NA	NA	0.637861292046	1.24711257635
3L	1736000	1738000	NA	0.626058136631	0.879222781599	1.09820961785
3L	1776000	1778000	NA	NA	NA	0.727522519227
3L	1802000	1804000	NA	0.604483739553	0.903700480743	1.46651248332
3L	1859000	1861000	NA	NA	0.791594229112	1.15816200016
3L	1880000	1882000	NA	NA	NA	0.605412436077
3L	1938000	1940000	NA	NA	NA	0.546169554038
3L	1973000	1975000	0.586022975511	0.573345872038	0.74528187725	1.28010553127
3L	2062000	2064000	0.521524440919	NA	NA	NA
3L	2196000	2198000	0.724454762568	0.596883707892	NA	NA
3L	2234000	2236000	NA	0.606878216206	0.729504187398	0.743419548564
3L	2267000	2269000	NA	NA	0.702018311143	0.690352582488
3L	2364000	2366000	NA	0.506592685947	0.627611519639	0.973866617099
3L	2484000	2486000	1.00931940251	1.30228401168	1.07547002082	0.515672392487
3L	2552000	2554000	NA	NA	NA	0.862183874995
3L	2588000	2590000	NA	0.98375079809	1.29910110729	1.97135859323
3L	2630000	2632000	NA	NA	0.753064434896	1.00558723225
3L	2680000	2682000	0.509725952541	NA	NA	NA
3L	2768000	2770000	0.541188259676	0.750265651996	1.00727731631	1.23205894213
3L	2850000	2852000	NA	NA	NA	0.539825225215
3L	2885000	2887000	NA	NA	0.579119299213	0.568466085625
3L	3034000	3036000	0.502514811804	1.02765478104	1.1756022631	1.20251537912
3L	3090000	3092000	NA	0.62587731922	0.946900256101	1.48394116322
3L	3148000	3150000	NA	NA	0.557778332143	0.906973280384
3L	3192000	3194000	NA	0.539293669424	1.07734401296	1.08041802318
3L	3226000	3228000	NA	0.730450483416	1.16060560935	1.46420836709
3L	3317000	3319000	NA	NA	0.802576632868	1.38377426301
3L	3374000	3376000	NA	NA	0.653604536202	1.15104970565
3L	3414000	3416000	NA	NA	NA	0.665016397513
3L	3466000	3468000	NA	NA	0.571306100018	0.939027197136
3L	3516000	3518000	NA	NA	0.547933424734	0.803925461818
3L	3594000	3596000	0.588230298721	NA	0.542500702159	NA
3L	3620000	3622000	NA	NA	NA	0.552180966741
3L	3710000	3712000	NA	NA	NA	0.713199208478
3L	3842000	3844000	NA	NA	NA	0.895815147057
3L	3898000	3900000	0.546362225242	0.55468455905	0.675711964614	1.60690273752
3L	4100000	4102000	NA	0.791357955638	1.28355546918	1.75510956992
3L	4136000	4138000	0.553041658081	0.590062513654	0.81140907011	1.9132251919
3L	4168000	4170000	NA	0.881972324706	1.05494417199	1.19205177875
3L	4249000	4251000	NA	NA	0.827436328585	1.14612403247
3L	4286000	4288000	NA	0.712598133202	0.819501164397	1.09962361807
3L	4314000	4316000	NA	NA	NA	0.573419475337
3L	4362000	4364000	NA	NA	0.763484967707	1.43715120035
3L	4406000	4408000	0.737449952421	1.26352004647	1.61348779201	2.03386750344
3L	4540000	4542000	NA	NA	NA	0.747808272715
3L	4628000	4630000	NA	NA	NA	0.754476514479
3L	4671000	4673000	0.955812586074	0.619696577682	NA	NA
3L	4712000	4714000	0.506804180791	NA	NA	NA
3L	4759000	4761000	0.797185874542	0.764701229496	NA	NA
3L	4796000	4798000	NA	NA	NA	0.640054613158
3L	4838000	4840000	NA	NA	NA	1.07690694201
3L	5364000	5366000	NA	0.567315438568	0.869250124348	0.960952760577
3L	5606000	5608000	NA	NA	NA	1.07568692056
3L	5660000	5662000	0.591931507643	0.959753635035	1.29835878753	1.79477937648
3L	5748000	5750000	NA	0.524847123566	0.791586208205	0.895931113829
3L	5810000	5812000	NA	0.677435130653	0.865554475616	1.39104112745
3L	5869000	5871000	NA	NA	0.618936547772	0.886856949756
3L	5928000	5930000	NA	NA	NA	0.537839596253
3L	5969000	5971000	NA	NA	0.558675532826	1.10495936775
3L	5996000	5998000	NA	NA	NA	0.682617356446
3L	6068000	6070000	NA	NA	NA	0.725182349326
3L	6124000	6126000	NA	0.528398767912	0.829740032296	1.54783942202
3L	6162000	6164000	NA	NA	NA	0.512085522891
3L	6184000	6186000	NA	NA	NA	0.575218699745
3L	6261000	6263000	NA	NA	0.673839003105	0.780154102036
3L	6490000	6492000	NA	NA	0.664960974688	1.0720556285
3L	6552000	6554000	NA	NA	NA	0.622145523004
3L	6758000	6760000	0.502120360837	0.508010274922	0.875357738687	1.2143639459
3L	6840000	6842000	NA	NA	NA	0.725169557171
3L	6960000	6962000	NA	NA	NA	0.591073206132
3L	6980000	6982000	NA	NA	0.545626961093	NA
3L	6992000	6994000	NA	NA	NA	0.752133941491
3L	7090000	7092000	NA	NA	0.50452529453	0.624349385612
3L	7127000	7129000	NA	NA	0.952273548009	1.25055708453
3L	7157000	7159000	NA	NA	0.535321498937	0.906626148614
3L	7185000	7187000	0.633048061884	0.80956195942	0.603006891628	0.702213515673
3L	7236000	7238000	NA	0.701422805424	0.937510321532	1.03229534921
3L	7324000	7326000	NA	0.69553115321	0.997605147731	1.0241840912
3L	7442000	7444000	0.613935852895	NA	0.594395992259	0.548988056657
3L	7730000	7732000	NA	NA	NA	0.63286973645
3L	7856000	7858000	NA	NA	NA	0.515042553754
3L	7905000	7907000	NA	NA	0.886099895171	0.705085491122
3L	7934000	7936000	NA	NA	NA	0.619488531742
3L	7976000	7978000	NA	0.589507267528	0.987905712783	1.50526910928
3L	8068000	8070000	NA	NA	0.528798987146	NA
3L	8110000	8112000	NA	NA	NA	0.68812977622
3L	8134000	8136000	NA	NA	NA	0.845251040271
3L	8188000	8190000	NA	0.51270205785	0.927986725508	0.937832003267
3L	8317000	8319000	0.926618339732	0.929287823372	0.963154048135	0.879795412068
3L	8397000	8399000	NA	NA	0.699316112882	1.28491717034
3L	8448000	8450000	NA	0.738815074543	1.07594175251	1.15323812006
3L	8519000	8521000	0.685010940547	0.608015743088	0.648700144748	0.545853786152
3L	8600000	8602000	NA	0.556892452263	0.92106753749	1.13564913339
3L	8628000	8630000	NA	NA	NA	0.895215322718
3L	8676000	8678000	0.515698875384	NA	0.716405158377	0.595740741705
3L	8717000	8719000	NA	NA	0.815633300276	1.17491946421
3L	8748000	8750000	NA	NA	NA	0.52773905086
3L	8822000	8824000	NA	NA	0.534789917348	0.973031063974
3L	8890000	8892000	NA	NA	NA	0.803799438855
3L	8996000	8998000	NA	0.692483362811	1.11429524651	1.58065709985
3L	9044000	9046000	NA	1.01501451477	1.42900361207	2.36491979355
3L	9136000	9138000	NA	NA	NA	0.561406357473
3L	9298000	9300000	0.657645347891	0.616203896866	0.7210372408	0.526130675322
3L	9358000	9360000	NA	0.615829343083	0.885795722611	1.47091898354
3L	9403000	9405000	NA	NA	0.652195099569	0.646195789475
3L	9426000	9428000	NA	NA	NA	0.724371442257
3L	9459000	9461000	NA	NA	0.650048910121	0.647904648849
3L	9510000	9512000	NA	0.501414530517	NA	1.36204659775
3L	9613000	9615000	NA	NA	0.650104030365	0.828709810642
3L	9676000	9678000	NA	NA	NA	0.61369210475
3L	9722000	9724000	NA	NA	NA	0.657776920116
3L	9770000	9772000	0.857684230968	0.848084950591	0.656971063412	NA
3L	9856000	9858000	NA	0.662361514662	0.956392003474	1.4216357709
3L	9906000	9908000	NA	NA	NA	0.570216483369
3L	9970000	9972000	NA	NA	0.694593998414	0.520342898573
3L	10224000	10226000	NA	NA	NA	0.739170894157
3L	10244000	10246000	NA	NA	NA	0.609011433418
3L	10284000	10286000	NA	NA	NA	0.646104884029
3L	10322000	10324000	NA	NA	NA	0.818563006626
3L	10364000	10366000	NA	NA	0.665938778563	0.68226859292
3L	10462000	10464000	NA	NA	NA	0.960303154762
3L	10628000	10630000	NA	0.577426931384	0.996281831642	1.33024145417
3L	10660000	10662000	NA	NA	NA	0.707864116928
3L	10694000	10696000	NA	NA	NA	0.692293845397
3L	10892000	10894000	NA	NA	NA	0.797620777739
3L	11068000	11070000	1.22586267545	1.51334568642	1.65052768006	2.05986250036
3L	11122000	11124000	0.53228909673	0.946705794898	1.38286554809	1.76614261262
3L	11158000	11160000	0.674827891012	0.661356055193	NA	0.693842069969
3L	11212000	11214000	NA	NA	NA	0.70531875161
3L	11246000	11248000	NA	NA	NA	0.713016312968
3L	11426000	11428000	NA	NA	NA	1.1148805962
3L	11518000	11520000	NA	NA	0.56637945868	1.07648220779
3L	11558000	11560000	NA	NA	NA	0.566197801481
3L	11692000	11694000	NA	0.581711326789	0.685231758833	0.644771018433
3L	11788000	11790000	NA	NA	NA	0.714321342971
3L	11828000	11830000	NA	0.596393095984	1.26304602922	1.63462663286
3L	11918000	11920000	NA	0.635356748703	0.934611334502	1.15737546716
3L	12000000	12002000	NA	NA	0.754666233842	0.93421327097
3L	12066000	12068000	NA	NA	NA	0.926499808808
3L	12118000	12120000	NA	0.589942517865	0.969463193057	1.52703940939
3L	12196000	12198000	NA	NA	NA	0.562852080435
3L	12267000	12269000	NA	NA	0.534203882404	0.814135498885
3L	12334000	12336000	NA	NA	NA	0.84771356403
3L	12414000	12416000	NA	0.684132263622	0.725858711673	1.04955919491
3L	12470000	12472000	NA	NA	NA	1.55899414032
3L	12502000	12504000	NA	NA	NA	0.858487440246
3L	12529000	12531000	NA	NA	0.756680253753	1.26732296532
3L	12572000	12574000	NA	NA	NA	0.597308738535
3L	12608000	12610000	NA	NA	NA	0.534296537476
3L	12648000	12650000	NA	0.527947942961	0.759072306	1.48490938525
3L	12694000	12696000	NA	NA	NA	0.704640862208
3L	12742000	12744000	NA	0.573966035411	0.803611417873	0.995848037945
3L	12802000	12804000	0.71096484219	1.06044444541	1.34856976395	1.87830867125
3L	12862000	12864000	NA	NA	0.532771496153	0.677756958529
3L	13008000	13010000	NA	0.556301216682	0.685344563318	1.11382851635
3L	13040000	13042000	NA	0.646683665156	0.920002709624	1.56764652029
3L	13116000	13118000	NA	NA	0.591867980272	1.29181325147
3L	13296000	13298000	NA	NA	0.647071354213	0.74938062748
3L	13379000	13381000	0.811622168945	0.982232859834	1.12082112447	1.29041733542
3L	13410000	13412000	NA	0.633360983791	0.877101161856	1.29239750919
3L	13446000	13448000	NA	NA	NA	0.84072658875
3L	13483000	13485000	1.0231549946	1.40729286345	1.66821524805	1.75409438736
3L	13538000	13540000	0.613907786099	0.759168176307	0.866850507024	0.865536912409
3L	13923000	13925000	NA	NA	0.528876194334	0.695401493772
3L	13996000	13998000	NA	0.602252858034	1.11427836657	1.99370793117
3L	14032000	14034000	NA	NA	NA	0.72631926774
3L	14052000	14054000	0.696337120738	0.641757996496	0.780226096115	1.55204280096
3L	14109000	14111000	NA	NA	0.534479270535	0.712612737293
3L	14144000	14146000	NA	0.724964667648	0.573772723702	NA
3L	14187000	14189000	0.597461320311	1.07463464017	1.07240329161	1.28278962027
3L	14272000	14274000	NA	NA	NA	0.924856353346
3L	14408000	14410000	NA	0.809406328276	0.777731502677	1.09468717376
3L	14446000	14448000	NA	0.547190208584	0.618548844736	0.758700091417
3L	14558000	14560000	NA	NA	0.665491645282	1.246487605
3L	14626000	14628000	NA	0.515216484811	0.660817223457	1.12044383093
3L	14672000	14674000	NA	0.601410644552	0.811517121774	1.42768012527
3L	14751000	14753000	NA	NA	0.818927125886	0.98440963866
3L	14785000	14787000	NA	0.7938803459	0.693581149931	NA
3L	14802000	14804000	NA	NA	NA	0.939827127605
3L	14940000	14942000	1.11090669246	1.1180890467	1.25333880888	2.01621946159
3L	14974000	14976000	0.846105065498	0.847463000179	0.899245707576	1.31459697842
3L	15008000	15010000	NA	NA	NA	0.74298536767
3L	15044000	15046000	NA	NA	0.619925119795	0.90367245999
3L	15094000	15096000	NA	NA	0.605261635495	1.03503712992
3L	15140000	15142000	NA	0.750742884538	0.917744933573	1.00691688577
3L	15160000	15162000	NA	NA	NA	0.554934047112
3L	15232000	15234000	NA	NA	NA	0.849882487063
3L	15266000	15268000	NA	0.51885040378	0.99471012795	1.61208131061
3L	15318000	15320000	0.684076423154	0.572075119851	0.881444050722	0.603354459004
3L	15506000	15508000	NA	1.03130882221	1.23592699768	1.09752331811
3L	15552000	15554000	NA	NA	NA	0.661389754913
3L	15587000	15589000	NA	NA	0.839649505861	1.06264471397
3L	15696000	15698000	NA	NA	NA	0.871138437546
3L	15728000	15730000	NA	NA	NA	0.88106184115
3L	15832000	15834000	NA	NA	0.721876388038	0.71990463814
3L	15952000	15954000	NA	0.761601911542	0.958417770525	1.2220724638
3L	16008000	16010000	0.697866332602	0.825307019108	1.18023550461	1.63960592714
3L	16048000	16050000	0.620866760898	0.867270004026	1.46026455991	1.8045223094
3L	16086000	16088000	NA	NA	0.743501354787	1.18045144382
3L	16116000	16118000	1.49853354252	1.57243578972	0.786558366521	NA
3L	16138000	16140000	NA	NA	NA	0.824107596216
3L	16228000	16230000	NA	NA	0.512917100616	NA
3L	16343000	16345000	NA	NA	0.603509854303	0.99462592866
3L	16380000	16382000	NA	0.550708176621	0.560638090372	1.21036083523
3L	16410000	16412000	0.595575796045	1.36914638112	1.83383876713	1.94265477706
3L	16466000	16468000	0.640978934233	NA	0.613082932884	1.09308483664
3L	16493000	16495000	NA	NA	0.753598233632	1.13404187998
3L	16560000	16562000	0.837660462719	0.803622695462	1.15635519313	1.03909500177
3L	16648000	16650000	NA	0.644732818358	0.535319977887	0.913963998377
3L	16708000	16710000	NA	0.648441406806	0.798647019959	0.957072148714
3L	16732000	16734000	NA	NA	NA	0.697495140056
3L	16774000	16776000	1.019277954	1.80705994341	2.00381369776	1.52747235045
3L	16864000	16866000	NA	0.635190229478	0.789185730549	1.1253124101
3L	17010000	17012000	NA	0.669547415041	1.14411372786	1.44319482198
3L	17050000	17052000	NA	0.566654916153	0.687219925971	1.18304501642
3L	17170000	17172000	NA	0.504952021851	NA	NA
3L	17204000	17206000	NA	NA	0.514922939526	NA
3L	17240000	17242000	NA	NA	0.639350452895	0.751713437909
3L	17296000	17298000	0.641298669182	NA	0.572341293213	0.656509903919
3L	17348000	17350000	0.688830746291	0.671651596226	0.93638884008	1.15153440827
3L	17412000	17414000	NA	NA	0.662215125609	0.541021384405
3L	17472000	17474000	NA	NA	NA	0.748840029207
3L	17556000	17558000	NA	0.916100019027	1.29747195075	1.58237167343
3L	17594000	17596000	NA	NA	NA	0.721902294986
3L	17644000	17646000	NA	0.695172095513	0.828609660756	0.558616031184
3L	17672000	17674000	NA	NA	NA	0.5223039569
3L	17801000	17803000	NA	NA	0.688178426513	0.604814396138
3L	17842000	17844000	NA	0.574928870188	0.928396323699	0.908864303073
3L	17988000	17990000	NA	0.635215462705	0.77080514077	1.23085698744
3L	18018000	18020000	NA	NA	NA	0.672135450989
3L	18106000	18108000	NA	NA	NA	0.793955534952
3L	18137000	18139000	NA	0.544726460658	0.581929614878	NA
3L	18181000	18183000	NA	NA	0.547815524038	0.938449433325
3L	18236000	18238000	NA	NA	NA	0.771198754229
3L	18398000	18400000	NA	NA	NA	0.648220826155
3L	18459000	18461000	NA	NA	0.64097560366	0.825998870887
3L	18619000	18621000	NA	NA	0.815158349457	1.65314562215
3L	18679000	18681000	NA	NA	0.730099049604	1.23068527681
3L	18816000	18818000	NA	0.532676353046	0.651360681818	0.752059819924
3L	18851000	18853000	NA	NA	0.641170766609	0.570435657616
3L	18900000	18902000	NA	0.618510959693	0.91356991111	1.08339542572
3L	18998000	19000000	NA	NA	NA	1.21658086479
3L	19039000	19041000	NA	0.541919542991	0.532049623198	NA
3L	19086000	19088000	NA	0.857842884043	0.850241810859	1.0903971322
3L	19141000	19143000	NA	NA	0.525592356873	0.689602056062
3L	19256000	19258000	NA	NA	NA	0.830881862037
3L	19294000	19296000	NA	NA	NA	0.812788857202
3L	19460000	19462000	0.602355011545	NA	NA	NA
3L	19561000	19563000	0.887008999694	1.20381927217	1.12627164353	0.803064556279
3L	19644000	19646000	NA	NA	NA	0.793049823136
3L	19686000	19688000	NA	NA	0.52189919308	0.996413923449
3L	19866000	19868000	NA	NA	NA	0.516241564337
3L	19899000	19901000	NA	0.542341901859	0.557062166052	NA
3L	19928000	19930000	NA	0.569646716021	0.698528005407	0.624375293837
3L	20000000	20002000	NA	0.593923535318	0.563616863939	1.2600651626
3L	20030000	20032000	NA	NA	0.526520652113	0.958390129499
3L	20094000	20096000	NA	0.579717997967	0.587748928137	0.788051866969
3L	20180000	20182000	NA	NA	0.546779041076	0.734362975773
3L	20224000	20226000	NA	NA	NA	0.530754657354
3L	20244000	20246000	NA	NA	NA	0.69797651289
3L	20296000	20298000	NA	0.539730175765	NA	0.598324649849
3L	20398000	20400000	NA	1.15491811148	1.20004444343	0.797412058407
3L	20432000	20434000	NA	NA	NA	0.650718065244
3L	20517000	20519000	0.633659265957	0.727707130543	0.941303706705	0.906341460762
3L	20568000	20570000	NA	0.550928546659	NA	NA
3L	20618000	20620000	NA	NA	0.802963143262	1.15167402821
3L	20698000	20700000	NA	0.627781932373	0.777894601411	1.08830223534
3L	20766000	20768000	NA	0.778679066282	0.849709535001	1.1384072402
3L	20822000	20824000	0.508521404278	NA	NA	NA
3L	20842000	20844000	NA	NA	NA	0.591931450562
3L	20912000	20914000	NA	NA	NA	0.580358705069
3L	20988000	20990000	NA	NA	NA	0.736913088053
3L	21068000	21070000	0.560216895757	1.09709405512	1.37196732078	1.30880898426
3L	21134000	21136000	NA	0.903461721006	1.05508854231	1.12677836436
3L	21218000	21220000	NA	NA	NA	0.521314366542
3L	21280000	21282000	NA	NA	NA	0.815441752053
3L	21347000	21349000	NA	NA	0.543915675723	0.855981604244
3L	21435000	21437000	NA	NA	0.621314096266	1.24752843808
3L	21484000	21486000	1.11550888232	1.56899057246	1.61172749635	2.13032777605
3L	21535000	21537000	NA	NA	0.729742638819	0.727430863112
3L	21572000	21574000	NA	NA	NA	0.790953822411
3L	21604000	21606000	NA	NA	NA	0.788694026237
3L	21639000	21641000	NA	NA	0.581952889325	1.61959631733
3L	21726000	21728000	NA	NA	NA	0.759790562623
3L	21770000	21772000	NA	NA	0.511426618417	NA
3L	21825000	21827000	NA	NA	0.635140591773	1.36889535718
3L	21876000	21878000	0.67985923889	0.757410170588	1.01268593341	1.14721250158
3L	22067000	22069000	0.631620435707	0.82263338038	1.0564253328	1.10492908173
3L	22131000	22133000	NA	NA	0.658448660941	0.991940413695
3L	22262000	22264000	NA	NA	0.805605480582	1.42725908786
3L	22404000	22406000	NA	0.676262358529	1.13666529021	1.01475262663
3L	22454000	22456000	NA	0.637286274563	0.677089413533	0.588813921582
3L	22716000	22718000	NA	0.509298614209	0.778005883918	1.40080678747
3L	22872000	22874000	NA	NA	0.659078845949	1.05157193117
3L	22939000	22941000	NA	NA	0.60920656803	0.736769833387
3R	4090000	4092000	0.536030990491	NA	NA	NA
3R	4172000	4174000	2.26369535843	2.3237641186	2.24302195131	1.95364191333
3R	4229000	4231000	NA	NA	0.507632899926	0.733697475967
3R	4306000	4308000	NA	0.575030866355	0.589679176506	0.889285209501
3R	4338000	4340000	NA	0.682359728971	0.87665223374	1.52226483698
3R	4390000	4392000	NA	NA	NA	0.890199068916
3R	4431000	4433000	0.532016806486	0.573285029573	0.594416575594	0.875380681879
3R	4480000	4482000	NA	NA	0.797916852995	1.63714456679
3R	4638000	4640000	NA	1.08394122443	0.868172387253	1.371112509
3R	4708000	4710000	NA	NA	NA	0.590476799377
3R	4742000	4744000	NA	NA	NA	0.506777560949
3R	4806000	4808000	NA	0.533589504343	0.856046699062	1.21676053566
3R	4848000	4850000	NA	0.670017474049	NA	NA
3R	4860000	4862000	NA	NA	1.23387691132	1.17516905889
3R	4908000	4910000	NA	0.534229316249	0.906727345505	1.28201642889
3R	4948000	4950000	0.511189114975	0.77443324308	NA	NA
3R	4968000	4970000	NA	NA	NA	1.21158054877
3R	5081000	5083000	NA	NA	0.542073789316	0.738524767446
3R	5124000	5126000	NA	0.754667940671	1.07996239405	1.64709735209
3R	5216000	5218000	NA	0.715102496123	0.846463456019	1.28827964601
3R	5264000	5266000	NA	NA	0.527879860708	0.943878634384
3R	5296000	5298000	NA	NA	NA	0.83323477925
3R	5368000	5370000	NA	NA	0.763609382888	1.10775606071
3R	5394000	5396000	NA	NA	0.522586253384	0.535287289065
3R	5466000	5468000	NA	NA	NA	0.670423188927
3R	5597000	5599000	NA	NA	0.618292389461	0.741989734357
3R	5620000	5622000	0.518084094978	NA	NA	NA
3R	5672000	5674000	0.519803398806	0.550477455149	1.12683468857	0.779229051412
3R	5734000	5736000	NA	0.573159595462	0.551856352888	0.817382249968
3R	5790000	5792000	NA	NA	0.53056255506	0.985280133099
3R	5862000	5864000	NA	NA	NA	0.537937530695
3R	6332000	6334000	0.512531629135	NA	NA	NA
3R	6344000	6346000	NA	NA	NA	0.646964298389
3R	6403000	6405000	NA	NA	0.601988652876	0.547589157376
3R	6458000	6460000	NA	NA	NA	1.21524644177
3R	6646000	6648000	NA	NA	0.623837956718	1.38314851666
3R	6707000	6709000	NA	NA	0.517784190578	1.01577121431
3R	6758000	6760000	NA	0.800833673665	1.21291518353	1.08022283275
3R	6813000	6815000	0.520946537172	1.10156796517	1.63445938661	1.55860499236
3R	6848000	6850000	NA	1.14657026591	1.61281561221	1.99294786624
3R	6876000	6878000	NA	0.694155685914	0.760346218406	0.80075355677
3R	6910000	6912000	NA	0.814005641917	1.10667404159	1.72049444462
3R	6970000	6972000	NA	NA	NA	1.11249258976
3R	6994000	6996000	NA	0.523193547981	NA	0.524515252246
3R	7036000	7038000	0.552557661697	1.18848902208	1.18306489721	1.32183443763
3R	7082000	7084000	NA	1.08937629279	1.36781026486	1.73027497439
3R	7126000	7128000	NA	NA	NA	0.696020435395
3R	7152000	7154000	NA	NA	NA	0.720665280896
3R	7195000	7197000	NA	NA	0.742152282317	0.836656807701
3R	7810000	7812000	NA	NA	NA	0.752373874266
3R	7864000	7866000	0.557308632512	NA	NA	NA
3R	7878000	7880000	NA	NA	NA	0.73370077006
3R	7912000	7914000	NA	NA	NA	0.782697028
3R	7974000	7976000	NA	0.638020837644	0.909855133346	1.47600773749
3R	8004000	8006000	NA	NA	NA	1.01665865289
3R	8034000	8036000	NA	NA	NA	0.662010266674
3R	8124000	8126000	NA	0.555448214066	0.716406226265	0.872060661937
3R	8178000	8180000	NA	NA	NA	0.526722632052
3R	8234000	8236000	NA	0.768340700905	1.02622136049	1.09085384171
3R	8271000	8273000	0.627359592524	0.691593107896	0.755115469581	1.56569323807
3R	8306000	8308000	0.771298021409	1.1597946184	1.77036793942	2.04739184588
3R	8354000	8356000	NA	NA	0.693744946344	1.14252700561
3R	8478000	8480000	NA	NA	NA	0.59254249561
3R	8662000	8664000	NA	NA	0.65202139298	1.38303788165
3R	8694000	8696000	NA	0.668222162845	NA	NA
3R	8714000	8716000	NA	NA	NA	0.561141153773
3R	8742000	8744000	NA	0.520927670713	0.644213901106	0.69365851398
3R	8814000	8816000	0.658006291292	0.980441396381	0.753668951835	1.29834919545
3R	8856000	8858000	NA	0.511403076389	NA	NA
3R	8938000	8940000	0.53018432658	NA	0.595000984082	0.659875152128
3R	8980000	8982000	NA	0.566443768518	0.618827858682	0.753783306555
3R	9028000	9030000	NA	0.535916264	NA	NA
3R	9051000	9053000	NA	NA	NA	1.04973033536
3R	9058000	9060000	NA	NA	0.553749509467	1.04973033536
3R	9333000	9335000	NA	NA	0.927409390246	1.36271735129
3R	9398000	9400000	0.606002157784	1.00073558007	1.17183691859	1.68856115665
3R	9496000	9498000	NA	0.624943109306	1.09873325031	1.92068901146
3R	9554000	9556000	NA	0.605201118156	0.782769966611	1.1121253866
3R	9590000	9592000	NA	0.512427566406	0.746915892782	0.80847743777
3R	9632000	9634000	NA	0.53191113421	1.14410354197	1.95162902762
3R	9678000	9680000	NA	NA	0.655167228379	NA
3R	9763000	9765000	NA	NA	0.603132734566	1.00318931189
3R	9808000	9810000	NA	NA	NA	0.644514907591
3R	9984000	9986000	NA	NA	NA	0.714781320783
3R	10046000	10048000	NA	0.598381792958	0.841232652147	1.59780893221
3R	10108000	10110000	NA	0.545511007714	0.745314859689	0.871258574745
3R	10136000	10138000	NA	NA	NA	0.806244739335
3R	10168000	10170000	NA	NA	0.669726500585	1.01362333957
3R	10269000	10271000	0.727386060333	0.642688837222	0.842533145623	0.933081424707
3R	10413000	10415000	NA	NA	0.613598234358	0.977815458591
3R	10584000	10586000	NA	NA	NA	0.638612195897
3R	10674000	10676000	NA	0.556313330398	0.920322701651	1.3925215074
3R	10710000	10712000	0.505469791947	NA	0.503421295963	0.883280241605
3R	10758000	10760000	NA	NA	NA	0.846978983811
3R	10784000	10786000	NA	NA	NA	0.645795821562
3R	10855000	10857000	0.762632801127	0.831436654034	0.746112231013	1.19475734522
3R	11214000	11216000	0.515443038531	0.784380813263	1.28169602572	1.66548685103
3R	11263000	11265000	NA	NA	0.500838875796	0.698481443972
3R	11312000	11314000	NA	NA	NA	0.808652985225
3R	11346000	11348000	NA	0.946979807492	1.48796548914	2.09772314086
3R	11406000	11408000	NA	0.561401324592	0.575913471671	0.923118289772
3R	11436000	11438000	NA	0.586478810367	0.892205634648	1.5475645328
3R	11554000	11556000	NA	0.700305426918	0.577546604182	0.629853747233
3R	11616000	11618000	0.714177208406	1.29001850361	1.56524949747	2.08725331348
3R	11658000	11660000	NA	NA	0.541678241931	NA
3R	11668000	11670000	NA	NA	NA	0.663306970487
3R	11692000	11694000	NA	NA	NA	0.712366071913
3R	11732000	11734000	NA	NA	NA	1.05100001168
3R	11764000	11766000	NA	0.739900263131	1.12098779551	0.964300181595
3R	11820000	11822000	NA	NA	1.02437977881	1.34592537319
3R	11878000	11880000	NA	NA	0.660914647882	0.845862262352
3R	11952000	11954000	NA	NA	0.806553067606	0.880470779015
3R	12015000	12017000	NA	NA	0.54668646671	1.07732482148
3R	12125000	12127000	NA	0.710363795039	0.646228757203	NA
3R	12240000	12242000	NA	NA	NA	0.960647622297
3R	12282000	12284000	NA	NA	NA	1.04605537615
3R	12377000	12379000	NA	0.650431647941	1.00935612314	NA
3R	12426000	12428000	NA	NA	NA	0.990484837347
3R	12626000	12628000	NA	NA	0.775294892094	1.1150459969
3R	12646000	12648000	NA	0.633526519094	0.666604529241	NA
3R	12716000	12718000	NA	NA	NA	0.74010931317
3R	12978000	12980000	NA	NA	0.946661714404	1.19831752687
3R	13018000	13020000	NA	0.532776240613	0.666892720566	0.796679045089
3R	13056000	13058000	NA	NA	NA	0.731827034294
3R	13082000	13084000	NA	NA	NA	0.519072792328
3R	13286000	13288000	0.720419121581	0.514684932155	NA	NA
3R	13400000	13402000	0.521300973087	NA	0.578780558669	NA
3R	13434000	13436000	NA	0.555515827172	0.683804620685	0.720005334842
3R	13480000	13482000	NA	NA	0.678431934993	NA
3R	13638000	13640000	NA	NA	NA	0.601200744403
3R	13672000	13674000	NA	NA	NA	0.604430370336
3R	13716000	13718000	NA	0.640393267992	0.632293072045	1.12175016476
3R	13780000	13782000	NA	NA	NA	1.0186154796
3R	13836000	13838000	NA	NA	0.84121109602	1.4868084119
3R	13870000	13872000	NA	0.724740255324	0.842649910745	1.06120697771
3R	13906000	13908000	NA	NA	0.51357945863	0.763202596617
3R	13934000	13936000	NA	NA	NA	0.582640938828
3R	13963000	13965000	NA	NA	0.634701797671	1.39891595646
3R	14030000	14032000	NA	NA	0.505183519799	0.800629283435
3R	14284000	14286000	NA	0.74258608847	0.95783328251	1.11893909647
3R	14324000	14326000	NA	NA	0.52895770559	0.674033177665
3R	14388000	14390000	NA	NA	NA	0.815063667168
3R	14478000	14480000	NA	NA	NA	0.551391992441
3R	14512000	14514000	NA	0.671139741441	0.92771267092	1.14899437933
3R	14568000	14570000	NA	0.950737495064	1.02851759127	0.968219276458
3R	14621000	14623000	NA	NA	0.530803546647	0.717457284347
3R	14654000	14656000	NA	0.749396725805	0.878325652997	1.3804794036
3R	14696000	14698000	NA	NA	NA	0.627878715955
3R	14740000	14742000	NA	0.57051421742	0.805179268369	1.11919232146
3R	14812000	14814000	NA	0.801730114033	1.23359532414	0.875893591666
3R	14900000	14902000	NA	0.528952016962	0.904851742419	0.943151976878
3R	15057000	15059000	0.612930974359	0.586303637209	0.636528138157	0.590608505332
3R	15092000	15094000	NA	NA	0.542910394165	0.539329228681
3R	15190000	15192000	NA	NA	NA	0.751132129781
3R	15280000	15282000	NA	NA	NA	0.782531991842
3R	15329000	15331000	NA	NA	0.553731100651	1.16908371457
3R	15371000	15373000	NA	NA	0.597615107016	1.09149749816
3R	15415000	15417000	NA	NA	0.706971763875	0.93775660598
3R	15480000	15482000	NA	NA	0.552724838345	0.76595414406
3R	15576000	15578000	NA	NA	NA	0.502440202297
3R	15688000	15690000	NA	NA	NA	0.884868653026
3R	15792000	15794000	NA	NA	0.909436104817	1.35499406192
3R	15858000	15860000	NA	NA	NA	0.745282500196
3R	15932000	15934000	NA	NA	NA	0.521860036919
3R	15969000	15971000	NA	NA	0.519645627576	1.23675838899
3R	15996000	15998000	NA	NA	NA	0.659980135897
3R	16042000	16044000	NA	0.585848798458	0.773921570978	1.42169827284
3R	16070000	16072000	NA	NA	NA	0.674394265778
3R	16098000	16100000	NA	0.822879649063	1.19980765861	1.38370647556
3R	16148000	16150000	NA	NA	NA	0.57015546865
3R	16202000	16204000	NA	NA	NA	0.805337755875
3R	16256000	16258000	NA	0.670389945203	0.560087801413	0.826634926034
3R	16344000	16346000	0.70660615061	0.837561861489	1.26420859411	2.02170516003
3R	16438000	16440000	NA	NA	0.686952189347	1.12377605909
3R	16501000	16503000	NA	NA	0.568198217925	0.756160711195
3R	16570000	16572000	NA	NA	NA	1.10709627401
3R	16626000	16628000	NA	NA	NA	0.750225144695
3R	16649000	16651000	NA	NA	0.658198522702	0.914143487498
3R	16707000	16709000	NA	0.708281389533	0.539122689345	NA
3R	16718000	16720000	NA	NA	NA	0.542294402718
3R	16740000	16742000	0.590390252259	0.742322864425	0.65878247216	NA
3R	16798000	16800000	0.719607876849	1.08479849317	1.38828421317	1.80478325743
3R	16886000	16888000	NA	NA	NA	0.679240069903
3R	16918000	16920000	NA	0.763655743044	1.08333408936	1.10205267551
3R	16970000	16972000	NA	NA	0.555655731821	0.612358825394
3R	17041000	17043000	NA	NA	0.602431085421	0.921806092942
3R	17081000	17083000	1.23021196958	2.15711807623	2.32705132023	1.67540856824
3R	17118000	17120000	NA	NA	NA	0.520308343896
3R	17152000	17154000	NA	NA	0.650306063258	NA
3R	17392000	17394000	NA	NA	0.61753164463	NA
3R	17402000	17404000	NA	NA	NA	0.602018431265
3R	17533000	17535000	NA	NA	0.571309938942	1.13354891133
3R	17610000	17612000	0.660848082423	1.19862713072	1.59513923197	2.09134549423
3R	17649000	17651000	NA	0.532720066646	0.521332658624	NA
3R	17680000	17682000	NA	0.842793668332	0.961803487729	1.15974022507
3R	17718000	17720000	NA	0.685001881712	0.938707221242	1.16663581068
3R	17797000	17799000	NA	NA	0.656357451295	1.22872375502
3R	17896000	17898000	0.602468623463	NA	NA	NA
3R	18014000	18016000	NA	NA	0.540640548181	0.590950414914
3R	18058000	18060000	NA	NA	NA	0.724696842716
3R	18080000	18082000	1.20395109585	1.68970610666	0.652481652404	NA
3R	18118000	18120000	NA	NA	NA	0.812514876252
3R	18162000	18164000	NA	0.526302733707	0.857955744667	1.50515801283
3R	18194000	18196000	NA	NA	NA	0.70767497037
3R	18242000	18244000	NA	NA	0.621187234155	0.72396511585
3R	18298000	18300000	NA	0.587298150308	0.980615203434	1.27812175807
3R	18362000	18364000	NA	NA	NA	0.526987025896
3R	18414000	18416000	NA	NA	0.716115286524	1.154253203
3R	18718000	18720000	NA	NA	NA	0.571565336196
3R	18802000	18804000	NA	NA	NA	0.535337170318
3R	18902000	18904000	NA	NA	NA	0.748122229078
3R	18927000	18929000	NA	NA	0.850449666133	0.962002545152
3R	18979000	18981000	0.546311566613	1.28447342019	2.02362587456	2.44542474461
3R	19030000	19032000	NA	NA	0.621787761337	1.14452398765
3R	19094000	19096000	NA	NA	0.831847415367	1.39796921348
3R	19158000	19160000	NA	NA	NA	0.658461660833
3R	19225000	19227000	NA	NA	0.628704880296	1.00679681428
3R	19316000	19318000	NA	0.603142831058	1.1591683357	2.15947538556
3R	19402000	19404000	NA	NA	NA	0.835163257692
3R	19564000	19566000	NA	NA	NA	0.514901481198
3R	19639000	19641000	NA	NA	0.617712898996	0.707462863643
3R	19766000	19768000	NA	NA	0.544585180345	0.659655025281
3R	19856000	19858000	NA	NA	NA	0.732651448607
3R	19904000	19906000	NA	NA	NA	0.64964484219
3R	19936000	19938000	NA	0.535370583513	1.06433859919	1.40091795433
3R	20032000	20034000	NA	NA	NA	0.915992380335
3R	20334000	20336000	0.80370914713	0.930196453108	1.06804108541	1.0272768937
3R	20548000	20550000	0.507789899942	NA	0.737222842848	0.941467782368
3R	20586000	20588000	NA	NA	0.510327593942	0.814720397013
3R	20732000	20734000	NA	NA	NA	0.789807365489
3R	20762000	20764000	NA	NA	NA	0.695182412549
3R	20822000	20824000	NA	NA	NA	0.720422249221
3R	20946000	20948000	NA	0.537675729462	0.922469586152	1.15347084945
3R	21013000	21015000	NA	NA	0.560640549821	0.76395710698
3R	21062000	21064000	NA	0.671193636739	0.917107198661	1.51577302713
3R	21100000	21102000	NA	NA	0.830320416419	1.26435141019
3R	21183000	21185000	NA	NA	0.857607521429	1.17227650231
3R	21218000	21220000	NA	0.69042336593	1.12140652972	1.47607218811
3R	21267000	21269000	NA	NA	0.543121755649	0.629331348574
3R	21348000	21350000	NA	NA	NA	0.740220605796
3R	21376000	21378000	NA	0.976250255183	1.50556570449	1.9998477633
3R	21408000	21410000	NA	0.783963582326	0.919585305719	1.1981824302
3R	21484000	21486000	NA	0.637477628677	1.08242543261	1.51995416902
3R	21518000	21520000	NA	0.740247907885	0.911615898766	1.20767935927
3R	21574000	21576000	NA	NA	NA	0.578143510549
3R	21621000	21623000	NA	NA	0.559318900382	1.20693904443
3R	21666000	21668000	NA	0.889301261405	1.20865991377	2.06426069288
3R	21741000	21743000	NA	0.630939004036	0.524909744375	NA
3R	21776000	21778000	NA	NA	NA	0.647145068281
3R	21822000	21824000	NA	NA	0.684535328976	1.11011791133
3R	21857000	21859000	NA	NA	0.523715838575	1.08715597175
3R	21890000	21892000	0.73285281748	0.98053850358	1.12897905638	1.45229308524
3R	22036000	22038000	NA	NA	NA	0.655882633134
3R	22128000	22130000	NA	0.548574368408	1.16169118963	1.37777838753
3R	22188000	22190000	0.668626066685	0.527283282027	0.578979558173	0.976963256771
3R	22353000	22355000	0.538040202863	0.711168726961	0.877719713827	1.30211000659
3R	22464000	22466000	NA	NA	NA	0.601099529884
3R	22527000	22529000	NA	NA	0.630513094372	0.964682213013
3R	22582000	22584000	NA	0.681864787334	1.32106673872	2.17783226023
3R	22632000	22634000	NA	NA	0.725494456047	1.33802230187
3R	22682000	22684000	NA	0.632274223019	1.2264856148	1.366733092
3R	22724000	22726000	NA	0.681726002546	0.983493744131	1.14541191663
3R	22748000	22750000	NA	NA	NA	1.14286717932
3R	22790000	22792000	NA	0.715470014954	0.883387637474	0.805057497903
3R	22904000	22906000	NA	NA	NA	0.720179287989
3R	23122000	23124000	NA	0.743219598862	0.936350819817	1.21033647464
3R	23160000	23162000	0.690290955951	1.02528591143	1.16927112306	1.63439379607
3R	23214000	23216000	NA	NA	NA	1.10224125781
3R	23250000	23252000	NA	0.634649784746	0.959371826447	1.01601201881
3R	23292000	23294000	NA	NA	NA	0.587373885829
3R	23354000	23356000	NA	NA	0.504323101227	1.29015455462
3R	23530000	23532000	0.592364587951	NA	NA	NA
3R	23676000	23678000	0.732373039906	0.563132124626	0.92709113015	1.16557970585
3R	23726000	23728000	NA	0.695609359551	0.910941367447	1.26249717839
3R	23780000	23782000	NA	0.54317693097	0.792891346503	1.22559830416
3R	23822000	23824000	NA	0.518028715243	0.664989807378	1.29181755135
3R	23888000	23890000	0.637992362835	1.13507933325	1.31511478537	1.42961213183
3R	23926000	23928000	NA	0.714161791319	1.00620661065	1.74692862585
3R	23987000	23989000	NA	NA	0.613798054924	1.06860936649
3R	24036000	24038000	NA	NA	NA	0.766493435898
3R	24054000	24056000	NA	0.612095207254	0.876301352046	1.06615599358
3R	24104000	24106000	NA	0.759483207056	1.22520984897	1.57835337382
3R	24161000	24163000	NA	NA	0.527604683354	0.924912750934
3R	24226000	24228000	NA	NA	0.708282301673	1.23904328249
3R	24264000	24266000	NA	NA	NA	0.768693350028
3R	24294000	24296000	NA	NA	0.952556645874	0.505354501324
3R	24358000	24360000	NA	NA	0.585525444203	1.37950783231
3R	24509000	24511000	NA	NA	0.646091474725	0.825829826504
3R	24552000	24554000	NA	NA	0.627142654131	0.851497736613
3R	24584000	24586000	NA	0.540622666966	1.15952488567	1.83623196342
3R	24623000	24625000	0.517801408009	0.761784626501	1.03121106088	1.80264703415
3R	24657000	24659000	NA	NA	0.81225293602	1.31093477563
3R	24714000	24716000	0.531884262599	0.646060211662	0.784513968295	0.774182331927
3R	24752000	24754000	0.831040279394	1.04156791093	1.16746684381	0.932124172657
3R	24810000	24812000	NA	NA	0.56266283395	NA
3R	24872000	24874000	NA	0.620936935405	1.08674001245	1.38531917871
3R	24917000	24919000	NA	NA	0.600787863972	0.782598030723
3R	24946000	24948000	NA	NA	0.61135411137	0.933828865539
3R	25024000	25026000	NA	NA	NA	1.02815625081
3R	25070000	25072000	NA	0.553008681029	0.702178820648	0.965673714332
3R	25096000	25098000	NA	NA	NA	0.767528398267
3R	25128000	25130000	NA	0.558445480631	0.922030067704	1.39268558465
3R	25190000	25192000	NA	0.804053603728	1.46880301976	1.78022090257
3R	25248000	25250000	NA	NA	0.635984094501	0.92446337358
3R	25266000	25268000	NA	NA	NA	0.720795749214
3R	25492000	25494000	NA	NA	0.624661511053	0.989115447023
3R	25588000	25590000	NA	0.714802261803	1.21041008891	1.80621274126
3R	25626000	25628000	NA	NA	NA	0.515987110005
3R	25648000	25650000	NA	0.650606294661	0.802528112164	0.885337981572
3R	25688000	25690000	NA	NA	NA	0.776785700212
3R	25794000	25796000	NA	NA	NA	0.501502608449
3R	25886000	25888000	NA	0.881515731264	1.18045837789	1.10845525484
3R	25978000	25980000	NA	NA	0.67320508583	0.838351810596
3R	26049000	26051000	NA	NA	0.796095355792	1.39351148618
3R	26187000	26189000	NA	0.51689574448	NA	0.576641725516
3R	26342000	26344000	NA	NA	0.52864935827	NA
3R	26354000	26356000	NA	NA	NA	0.587303086292
3R	26784000	26786000	NA	0.507595338512	NA	NA
3R	26872000	26874000	NA	0.64104612889	1.15919344654	1.68815934127
3R	26910000	26912000	NA	NA	NA	0.63580124703
3R	26951000	26953000	NA	NA	0.562510545022	1.02524472276
3R	26958000	26960000	NA	NA	NA	1.02524472276
3R	26962000	26964000	NA	NA	NA	1.02524472276
3R	27050000	27052000	NA	NA	0.628158368988	0.811996336824
3R	27107000	27109000	NA	NA	0.818570373093	1.42367103727
3R	27154000	27156000	NA	NA	NA	0.536957444891
3R	27218000	27220000	0.617806364548	0.764860784469	NA	NA
3R	27296000	27298000	NA	NA	NA	0.502073467033
3R	27546000	27548000	NA	NA	NA	0.669705391883
3R	27580000	27582000	NA	NA	NA	0.702537380039
3R	27608000	27610000	NA	NA	NA	0.763216599821
3R	27640000	27642000	NA	NA	NA	0.793955021467
3R	27676000	27678000	NA	NA	0.526079968438	0.866952710157
3R	27708000	27710000	NA	NA	NA	0.677791756798
3R	27916000	27918000	NA	NA	NA	0.664004553676
3R	28038000	28040000	NA	NA	NA	0.519749701068
3R	28338000	28340000	NA	0.52938587988	0.563162126713	0.506069915568
3R	28544000	28546000	NA	0.70165417422	1.25738898354	1.81556153645
3R	28596000	28598000	NA	0.58042398324	0.905794717003	1.61453965091
3R	28636000	28638000	NA	0.660121839914	1.08720535256	1.8691571621
3R	28806000	28808000	0.558551335107	0.749303194762	0.878612077123	0.793082860905
3R	28854000	28856000	NA	0.971324020664	1.26958156802	0.710221782527
3R	28890000	28892000	NA	0.600189165415	1.15411374862	1.4470062025
3R	28920000	28922000	NA	NA	NA	0.500964659247
3R	29028000	29030000	NA	NA	NA	0.721143227723
3R	29062000	29064000	NA	NA	0.618438273264	0.916678021602
3R	29112000	29114000	NA	0.679989432336	0.630932039064	0.614517209514
3R	29152000	29154000	NA	0.977872472728	1.63996572708	1.91819102114
3R	29216000	29218000	NA	0.566780128405	0.898072026402	1.2182560651
3R	29254000	29256000	NA	NA	NA	1.48927371769
3R	29315000	29317000	NA	NA	0.620617127811	1.37076595599
3R	29340000	29342000	0.526621540966	NA	NA	0.515849700526
3R	29376000	29378000	NA	NA	0.55929947277	0.806174621303
3R	29452000	29454000	NA	NA	0.516214396725	1.07839260693
3R	29490000	29492000	NA	0.581768742616	0.934664048348	1.70047764933
3R	29550000	29552000	NA	NA	NA	0.518037839888
3R	29590000	29592000	NA	NA	0.596241205119	1.39973753801
3R	29670000	29672000	NA	NA	NA	0.785794861949
3R	29720000	29722000	NA	0.52551426057	0.536212660989	1.01854486796
3R	29798000	29800000	NA	0.655863299337	1.16761263943	1.59075542839
3R	29862000	29864000	NA	0.726931656511	1.21472706248	1.58124271735
3R	29954000	29956000	NA	NA	NA	0.593044384588
3R	29996000	29998000	NA	0.536276572344	0.971885857926	1.61585077981
3R	30043000	30045000	0.94779877724	1.47681622051	1.49193679823	1.6392162414
3R	30206000	30208000	NA	NA	0.642907968786	0.949438210247
3R	30250000	30252000	NA	NA	NA	0.585365538049
3R	30275000	30277000	NA	NA	0.550575305959	0.538383075635
3R	30422000	30424000	NA	0.909584101796	1.13214804563	1.43820904782
3R	30462000	30464000	NA	0.760992999325	1.20515157017	1.74521036668
3R	30560000	30562000	NA	NA	0.587266762552	0.938434845776
3R	30602000	30604000	NA	NA	NA	0.931267790936
3R	30758000	30760000	NA	NA	0.558734087425	NA
3R	30804000	30806000	NA	0.656697084664	1.23064921662	1.3558186296
3R	30849000	30851000	0.542673699484	0.802418321567	1.04079211113	0.813025120795
3R	30890000	30892000	NA	NA	NA	0.728223953231
3R	30946000	30948000	NA	0.871048091903	1.3179231523	1.70742915397
3R	31008000	31010000	0.57526003281	0.57285136831	0.560123710298	0.543734149438
3R	31054000	31056000	NA	0.565100606627	0.77050254647	1.02133592793
3R	31160000	31162000	NA	NA	0.738260336281	NA
3R	31190000	31192000	0.941560269003	1.4949900153	1.35271062864	NA
3R	31220000	31222000	0.605004224521	0.954232419276	1.29221405844	1.81909267584
3R	31262000	31264000	NA	NA	0.550978045116	0.983519923938
3R	31424000	31426000	NA	NA	0.594051922827	NA
3R	31459000	31461000	NA	NA	0.610290523242	1.08103340671
3R	31567000	31569000	NA	NA	0.588747721276	1.0997295903
3R	31612000	31614000	NA	0.673190529298	0.835532865974	1.30822149382
3R	31668000	31670000	NA	NA	0.742080704008	1.05347307111
3R	31742000	31744000	NA	0.584525401536	1.06263542765	1.64482737496
3R	31799000	31801000	0.647224491741	0.587426945816	0.708082382208	1.41828489702
3R	31848000	31850000	NA	NA	NA	0.946824914729
3R	31939000	31941000	NA	NA	0.710940325384	1.09700771702
4	66000	68000	NA	0.633066794317	0.765692562511	1.21195855945
4	133000	135000	NA	NA	0.531934148615	0.942421050239
4	304000	306000	NA	NA	NA	0.585193066048
4	360000	362000	NA	NA	NA	0.558414029762
4	398000	400000	NA	NA	0.551030381375	NA
4	428000	430000	NA	NA	NA	0.789005943224
4	439000	441000	NA	0.68072538595	0.706403922807	NA
4	487000	489000	NA	NA	0.606616488368	1.16255681065
4	570000	572000	NA	NA	NA	0.534634949682
4	610000	612000	NA	NA	NA	0.681437560444
4	654000	656000	NA	NA	NA	0.512333403881
4	696000	698000	NA	0.697689975138	0.935826424797	1.12304326672
4	836000	838000	NA	NA	NA	1.10401866194
4	868000	870000	NA	NA	NA	0.672224084037
4	906000	908000	NA	NA	NA	0.676238024042
4	932000	934000	NA	NA	NA	0.727671855221
4	976000	978000	NA	NA	0.576261061006	1.13546354541
4	1027000	1029000	NA	NA	0.504220529816	0.902972389772
4	1058000	1060000	NA	NA	NA	0.66619574489
4	1114000	1116000	NA	NA	NA	0.918280478265
X	359000	361000	0.793333184276	1.20460300529	1.52657363483	1.99171945771
X	406000	408000	0.744688912248	0.88289192336	0.971306209393	1.54396727561
X	474000	476000	NA	0.516435727255	0.615088092067	1.00140003577
X	524000	526000	NA	0.906072252015	1.25141979317	1.6826613608
X	614000	616000	0.512354280347	NA	0.586848647515	1.20603407678
X	654000	656000	NA	0.52635676285	0.840972021254	1.32545261119
X	685000	687000	NA	NA	0.800782275157	1.29404696355
X	762000	764000	NA	0.565662887365	0.668603317321	1.39471933113
X	796000	798000	NA	0.53024777667	NA	0.871905492022
X	842000	844000	NA	NA	NA	0.691996720013
X	1108000	1110000	0.518922519855	NA	NA	NA
X	1132000	1134000	NA	NA	NA	0.717230725198
X	1168000	1170000	NA	NA	NA	0.688216916017
X	1209000	1211000	NA	NA	0.526687827122	0.82552092362
X	1236000	1238000	NA	0.680886038421	1.05589658436	1.58155902962
X	1283000	1285000	NA	NA	0.659577864227	1.24246820285
X	1320000	1322000	NA	NA	NA	0.640542050061
X	1396000	1398000	NA	NA	NA	0.537128576514
X	1480000	1482000	NA	0.71668189825	0.991635241504	1.49001139267
X	1514000	1516000	NA	NA	0.720203412607	0.924757965801
X	1659000	1661000	NA	NA	0.641132737624	0.994978041608
X	1698000	1700000	NA	NA	NA	0.809120152343
X	1772000	1774000	NA	0.513731121072	0.856024554423	1.33628346414
X	1824000	1826000	0.872868769948	0.707419560649	0.566636935798	NA
X	1862000	1864000	NA	NA	NA	0.757572551576
X	1896000	1898000	NA	NA	0.713677880134	0.546992278674
X	2008000	2010000	NA	1.05738946374	1.59059607061	2.11117441952
X	2038000	2040000	NA	NA	NA	0.562225962605
X	2078000	2080000	NA	0.697203957561	0.843587532561	1.20327444999
X	2116000	2118000	NA	0.562674008447	1.03404306015	1.59069632586
X	2152000	2154000	NA	0.542578841869	0.775757044284	1.41318975508
X	2178000	2180000	NA	NA	NA	0.809417744877
X	2222000	2224000	NA	0.819611857709	1.27608824768	1.824020775
X	2270000	2272000	NA	NA	0.89031238629	1.11259904545
X	2284000	2286000	NA	0.799510050904	NA	NA
X	2340000	2342000	NA	0.711488631998	1.0460927611	1.54738971002
X	2384000	2386000	NA	0.637271094388	0.832584013546	1.22593784891
X	2446000	2448000	NA	NA	NA	1.00480663359
X	2466000	2468000	NA	NA	NA	0.516432866171
X	2512000	2514000	NA	0.760533700841	0.709760033119	0.563491760559
X	2566000	2568000	0.780995788755	0.560219806799	0.758050014022	NA
X	2582000	2584000	NA	NA	NA	0.852627137035
X	2634000	2636000	NA	0.501910565178	0.699830463654	0.847702082807
X	2738000	2740000	NA	NA	0.733588180409	1.23921936538
X	2780000	2782000	NA	0.744735832957	NA	NA
X	2948000	2950000	NA	NA	NA	0.650967771436
X	3130000	3132000	NA	0.836068675727	1.07161712291	1.18511114894
X	3164000	3166000	NA	NA	0.540934488665	0.997961852218
X	3342000	3344000	NA	0.675037437512	0.854559302855	1.24165940598
X	3393000	3395000	NA	0.656323321341	0.524326372702	NA
X	3452000	3454000	NA	NA	NA	0.663277111227
X	3572000	3574000	NA	NA	NA	0.740649998899
X	3668000	3670000	NA	0.673624103255	0.718834995122	1.23112939852
X	3714000	3716000	0.5818639246	0.688280611521	0.620772017637	1.01315025448
X	3858000	3860000	0.584661910486	1.15070089862	1.12915854368	0.75462926122
X	3934000	3936000	NA	NA	NA	0.572241301456
X	3968000	3970000	NA	NA	0.566848963011	1.35677517783
X	4104000	4106000	0.695750949667	0.928234855516	1.04798349486	1.38351317051
X	4134000	4136000	NA	0.606386272283	NA	0.65898161856
X	4212000	4214000	NA	NA	0.752138403174	0.89022567658
X	4320000	4322000	NA	NA	0.52283207979	0.533768562756
X	4360000	4362000	NA	0.602870578244	0.809716502501	1.49421484772
X	4506000	4508000	NA	NA	NA	0.539294849487
X	4550000	4552000	NA	0.538953167122	1.02096849288	1.62987918004
X	4624000	4626000	NA	NA	NA	0.79308370061
X	4682000	4684000	NA	NA	NA	0.676878582438
X	5044000	5046000	NA	NA	0.567682257937	0.709014357936
X	5084000	5086000	NA	NA	0.581401626011	0.876704928445
X	5328000	5330000	NA	NA	0.71809000306	0.976502606321
X	5520000	5522000	NA	NA	NA	0.692696639532
X	5554000	5556000	NA	NA	NA	0.562012768464
X	5612000	5614000	0.652789902258	0.868592208591	1.18488281121	1.74868020301
X	5668000	5670000	NA	0.766207628309	0.999990991339	1.02633952207
X	5691000	5693000	NA	NA	0.547865189279	1.33058296996
X	5764000	5766000	NA	0.692072083727	0.867167474161	1.17644456176
X	5876000	5878000	NA	0.731357614026	0.906226829611	1.41643543381
X	5905000	5907000	NA	NA	0.637825491132	1.10760249075
X	5952000	5954000	NA	NA	NA	0.65969202009
X	5990000	5992000	NA	0.591367229673	0.949568411276	1.71234340712
X	6032000	6034000	0.656446486312	0.937898185132	1.24839697455	2.25037511197
X	6116000	6118000	NA	NA	0.560620130097	NA
X	6220000	6222000	NA	NA	0.863810866394	1.37659109598
X	6260000	6262000	NA	0.594747779101	0.859278871864	1.22271453864
X	6292000	6294000	0.517731899384	0.602644456611	0.903515370757	1.53627234722
X	6348000	6350000	NA	0.749959736588	1.14720354436	1.14185636171
X	6372000	6374000	NA	NA	NA	0.924337057908
X	6526000	6528000	NA	0.804099668865	0.791946200143	1.20607181102
X	6592000	6594000	NA	0.719472682551	1.08579024495	1.42390345299
X	6655000	6657000	NA	NA	0.743442227217	1.00988343294
X	6694000	6696000	NA	NA	NA	0.657354306955
X	6742000	6744000	0.616841139303	0.800204120631	1.11469062086	1.18955984257
X	6800000	6802000	NA	0.737215619669	0.85585959104	1.40359466307
X	6851000	6853000	0.539415449433	0.626394947013	0.667518015912	1.19659419368
X	6876000	6878000	NA	NA	1.14851407635	1.26024620399
X	6972000	6974000	NA	NA	NA	1.08414692496
X	7008000	7010000	NA	NA	NA	1.06494319298
X	7092000	7094000	1.18744559158	1.30047034682	1.37274474264	1.10684184987
X	7162000	7164000	NA	0.649034875265	0.681221916148	1.20944385415
X	7239000	7241000	NA	NA	0.537717234725	0.709585436713
X	7289000	7291000	0.688921037243	1.03531552365	1.37396124034	2.18206108776
X	7323000	7325000	0.622584421047	0.904505805134	1.04085179983	1.20380833338
X	7598000	7600000	NA	NA	NA	0.639160194092
X	7676000	7678000	NA	NA	NA	0.670890032408
X	7737000	7739000	NA	NA	0.570698896966	0.607040671669
X	7849000	7851000	0.502451107888	0.766345989616	0.534447296394	0.636517625463
X	7890000	7892000	NA	0.704631608151	1.11865198837	1.72846592157
X	7932000	7934000	NA	NA	NA	1.14498086379
X	7966000	7968000	NA	0.562739612202	0.699779849663	1.14627735611
X	8054000	8056000	NA	0.804167523131	1.13217224376	1.18866424038
X	8142000	8144000	NA	NA	NA	0.84209368022
X	8176000	8178000	NA	NA	0.574706228498	0.681941090463
X	8213000	8215000	NA	NA	0.825895234199	0.808589438776
X	8244000	8246000	NA	NA	NA	0.674310912917
X	8274000	8276000	NA	NA	NA	0.582146758998
X	8402000	8404000	NA	0.548224901472	0.887233654909	1.43203126277
X	8436000	8438000	NA	NA	NA	1.01736949577
X	8464000	8466000	NA	NA	NA	0.533319422922
X	8514000	8516000	NA	NA	0.752089905456	1.39850726004
X	8556000	8558000	NA	0.628978514227	1.02536766477	1.29374796534
X	8603000	8605000	NA	NA	0.504829554231	1.05549487401
X	8676000	8678000	NA	NA	NA	1.0578771237
X	8720000	8722000	NA	NA	NA	1.29295414594
X	8857000	8859000	0.585472255212	0.624068717919	NA	NA
X	8904000	8906000	NA	NA	NA	0.8782221404
X	9028000	9030000	0.686952274427	0.620454831559	0.890274193074	1.02467061621
X	9082000	9084000	NA	0.568276463257	0.836216132416	1.30444706535
X	9106000	9108000	NA	NA	NA	0.559800622813
X	9154000	9156000	NA	0.716752124757	0.751663060565	0.781743457979
X	9188000	9190000	NA	0.549833041624	0.798581633431	0.851499191666
X	9236000	9238000	NA	NA	0.659718604265	0.690805557397
X	9280000	9282000	NA	0.81357910269	1.09946829411	1.70238005784
X	9317000	9319000	NA	NA	0.644510780206	1.1598099065
X	9354000	9356000	NA	NA	0.830846783831	0.814886195799
X	9497000	9499000	NA	NA	1.01279477214	0.950999518685
X	9548000	9550000	NA	0.784270453962	1.06423017839	1.47170160964
X	9580000	9582000	NA	NA	NA	0.635912756626
X	9600000	9602000	NA	0.532566884905	0.722485979772	1.24122079749
X	9655000	9657000	0.694505297117	0.957750204322	0.918144996254	1.24254482483
X	9688000	9690000	0.538800321141	1.16212021793	1.29163713972	1.85820613279
X	9776000	9778000	NA	0.650686060903	0.610062907229	1.03282156985
X	9827000	9829000	NA	0.517421937734	NA	NA
X	9832000	9834000	0.646745933847	0.517421937734	0.565945898791	NA
X	10003000	10005000	NA	NA	0.538240742023	0.728173745544
X	10080000	10082000	NA	0.554223136356	0.5443530798	0.810614684627
X	10184000	10186000	0.698195200462	0.645256190991	NA	NA
X	10210000	10212000	NA	NA	0.630286436365	1.20570799554
X	10319000	10321000	0.559090492778	0.720680211086	0.997700259478	1.42073700291
X	10386000	10388000	NA	NA	NA	0.520182831182
X	10410000	10412000	0.538248998893	0.590622350291	NA	NA
X	10456000	10458000	NA	NA	NA	0.543364669337
X	10489000	10491000	0.569539486726	0.630973764036	NA	NA
X	10724000	10726000	NA	NA	0.524563573253	NA
X	10766000	10768000	NA	NA	NA	0.612136988783
X	10786000	10788000	NA	NA	NA	0.582925901147
X	10828000	10830000	NA	NA	NA	0.534200047694
X	10853000	10855000	NA	NA	0.600073371655	0.723554802705
X	10930000	10932000	NA	0.770517481291	0.87913641096	1.06639765535
X	11152000	11154000	1.18103589726	1.54333661391	1.95923593707	1.97829286328
X	11207000	11209000	0.94601460328	0.851063033405	0.920506128178	0.957297453525
X	11358000	11360000	NA	0.513295007084	0.878144633558	0.903407947957
X	11452000	11454000	NA	NA	0.501352296351	0.862220948062
X	11488000	11490000	NA	NA	0.582046615963	0.925820851041
X	11680000	11682000	NA	NA	NA	0.634274408986
X	11792000	11794000	NA	0.555305857765	0.845216706826	0.932851395714
X	11852000	11854000	NA	0.555701808734	0.58127501103	0.602531977568
X	11887000	11889000	NA	NA	0.625317962686	0.53852084375
X	11986000	11988000	0.625508718775	NA	NA	NA
X	12021000	12023000	NA	NA	0.883822091984	1.19437872693
X	12200000	12202000	NA	0.636833394376	1.05291332089	1.58471449157
X	12458000	12460000	NA	NA	NA	0.512128014639
X	12580000	12582000	NA	0.65221192147	1.06503487824	1.38769133775
X	12608000	12610000	NA	NA	NA	0.684861818049
X	12656000	12658000	NA	0.970645819218	1.47405107553	1.83004873755
X	12765000	12767000	NA	NA	0.855036817693	1.22468387937
X	12821000	12823000	NA	0.643124940702	NA	0.523678017944
X	13072000	13074000	NA	NA	NA	0.600838997978
X	13132000	13134000	NA	0.544152833352	0.514964737058	0.613996990915
X	13212000	13214000	NA	NA	NA	0.656708588613
X	13256000	13258000	NA	NA	NA	0.760778442328
X	13286000	13288000	NA	0.816712834247	1.16130601735	1.60520208813
X	13334000	13336000	NA	0.54746220482	0.604708199974	0.77443409354
X	13384000	13386000	NA	NA	0.526842255476	0.575041677579
X	13418000	13420000	NA	NA	NA	0.535845193168
X	13558000	13560000	NA	NA	NA	0.574044453973
X	13600000	13602000	NA	0.621572066295	0.528058944211	NA
X	13612000	13614000	NA	NA	NA	1.30511746095
X	13672000	13674000	NA	NA	NA	0.536889920857
X	13720000	13722000	NA	NA	NA	0.774431098655
X	13738000	13740000	NA	NA	NA	0.519857451384
X	13782000	13784000	NA	0.725763950269	0.659698578863	0.874140058431
X	13838000	13840000	NA	NA	NA	0.619427100624
X	14198000	14200000	NA	0.60222401433	0.823956293421	1.23787104242
X	14248000	14250000	NA	1.50727836186	1.88551871808	1.08231255313
X	14330000	14332000	NA	0.539283562887	NA	NA
X	14656000	14658000	NA	0.839521184332	0.62537307914	0.67872324113
X	14750000	14752000	NA	NA	NA	0.541344746937
X	14836000	14838000	NA	0.532910827515	0.857322320501	1.19958623945
X	14956000	14958000	NA	NA	0.55839870285	0.959573406622
X	15010000	15012000	0.618341326738	NA	0.713417636837	0.949745321642
X	15084000	15086000	NA	NA	NA	0.576447246795
X	15138000	15140000	NA	0.573730416431	1.31827542736	1.67063481399
X	15284000	15286000	0.754454938652	0.807571135095	0.965079223078	0.914240144472
X	15318000	15320000	NA	NA	0.857506316728	1.43930140664
X	15352000	15354000	NA	NA	NA	1.35078144055
X	15450000	15452000	NA	NA	NA	0.729940607103
X	15489000	15491000	NA	0.523856501091	NA	0.618337287097
X	15564000	15566000	0.753588370306	0.972545671822	1.1551222644	1.16073140646
X	15593000	15595000	NA	NA	0.577045652684	0.904490935101
X	15649000	15651000	0.774716900316	1.09197827283	1.08049581095	0.982866521806
X	15702000	15704000	NA	1.20611479803	1.55001573454	2.06943632606
X	15738000	15740000	NA	NA	NA	0.723770970417
X	15792000	15794000	NA	NA	NA	0.652594811028
X	15842000	15844000	NA	NA	0.69836389154	1.03458140362
X	15886000	15888000	NA	NA	0.554092923525	1.18461205834
X	15942000	15944000	NA	0.710740616089	0.770773371173	1.06498192614
X	15988000	15990000	NA	NA	0.540988918094	0.966526295015
X	16104000	16106000	0.666702075184	0.804158703692	1.49724340482	1.77354144409
X	16145000	16147000	NA	NA	0.565204696225	0.856081176275
X	16206000	16208000	NA	NA	0.640376693542	0.707613032151
X	16244000	16246000	NA	NA	NA	0.525652784074
X	16276000	16278000	NA	0.511715980669	0.884474410276	1.2534315574
X	16322000	16324000	NA	0.561275073023	0.724564207187	0.943797085621
X	16383000	16385000	NA	0.50767221867	NA	0.848127496057
X	16422000	16424000	NA	NA	1.01787605024	1.36688674816
X	16450000	16452000	NA	0.603084998376	0.838540753209	1.16911163575
X	16546000	16548000	NA	NA	0.69036502303	0.872858637536
X	16588000	16590000	NA	NA	0.771804419252	1.15089974489
X	16642000	16644000	0.611852122419	1.37866727685	1.73289605954	2.12824455671
X	16690000	16692000	NA	0.728057299884	0.946323790846	1.07370506394
X	16724000	16726000	NA	NA	NA	0.551060459252
X	16749000	16751000	NA	NA	0.639218038579	1.12304058385
X	16786000	16788000	NA	0.81201867017	1.05387425896	1.35198273544
X	16844000	16846000	NA	NA	NA	0.533511946342
X	16888000	16890000	NA	NA	NA	0.576060092286
X	16937000	16939000	0.683224642009	1.14031225723	1.36644274433	1.76540422182
X	16968000	16970000	NA	0.540998506871	1.11504225286	1.54857766714
X	17074000	17076000	NA	NA	0.586553492682	0.886173582867
X	17104000	17106000	NA	NA	NA	0.501944038628
X	17176000	17178000	0.694611239304	0.901989881839	0.945107947366	0.862084789325
X	17249000	17251000	NA	NA	0.955038520664	1.27333161852
X	17304000	17306000	NA	0.681133552531	1.11152048878	1.86605971175
X	17344000	17346000	NA	NA	NA	0.615324763259
X	17418000	17420000	NA	NA	NA	0.726536904101
X	17508000	17510000	NA	NA	NA	0.691830672853
X	17576000	17578000	NA	NA	NA	0.807328611471
X	17628000	17630000	NA	0.808547097171	0.901539070962	1.30563980512
X	17654000	17656000	NA	0.831373658764	1.12896066746	1.12146862389
X	17700000	17702000	NA	0.722337421699	1.12934222005	1.96367474945
X	17744000	17746000	NA	0.796287734874	1.27979953626	1.84282213643
X	17796000	17798000	NA	0.847219259358	NA	NA
X	17825000	17827000	0.842043218094	1.45982859642	1.68392800152	1.85098757037
X	18084000	18086000	NA	NA	0.576703764153	0.803836431365
X	18118000	18120000	0.859679286622	NA	NA	NA
X	18138000	18140000	NA	NA	NA	0.566987257639
X	18238000	18240000	NA	0.770450220368	0.914836628506	1.46345442512
X	18309000	18311000	0.507006802509	0.811910879336	0.74030829681	1.37620485072
X	18370000	18372000	NA	NA	0.72675562865	0.621816470357
X	18404000	18406000	0.500099696498	NA	NA	NA
X	18512000	18514000	NA	NA	0.610798304302	0.668627567021
X	18566000	18568000	NA	NA	NA	0.621413749719
X	18646000	18648000	NA	0.737834346034	1.06466553373	1.45428211885
X	18696000	18698000	NA	NA	0.731136976022	1.13837614234
X	18740000	18742000	0.612282211055	NA	NA	NA
X	18776000	18778000	NA	NA	NA	0.750763668731
X	18792000	18794000	1.0804797154	1.8503355984	1.56019500287	NA
X	18860000	18862000	NA	NA	NA	0.895427998639
X	18888000	18890000	NA	0.977815922424	1.17373318616	1.12079003018
X	19026000	19028000	NA	NA	NA	0.635973373578
X	19150000	19152000	NA	NA	0.513340256719	0.764482471796
X	19267000	19269000	NA	NA	0.663034356253	0.783524291185
X	19326000	19328000	0.508189401888	0.532314300899	0.721857562494	1.3061050834
X	19495000	19497000	NA	NA	0.637057171325	0.999622662573
X	19570000	19572000	NA	NA	0.525011142126	0.939895863297
X	19638000	19640000	NA	0.792927444109	1.11778471169	1.46110312306
X	19690000	19692000	NA	0.552380545629	0.776662278468	0.911373565938
X	19749000	19751000	NA	NA	0.737862823829	1.32081255703
X	19850000	19852000	NA	0.698546996207	0.972687025823	1.42710401811
X	19990000	19992000	0.717374381057	0.579280275134	0.710555215174	NA
X	20110000	20112000	NA	NA	0.646659310109	0.611992367915
X	20254000	20256000	NA	NA	NA	0.79923101511
X	20388000	20390000	NA	1.03083528954	1.7596332048	2.22695541025
X	20428000	20430000	0.647956557463	1.08684687187	1.43795960203	1.9523686524
X	20526000	20528000	NA	NA	NA	0.723790006131
X	20628000	20630000	NA	NA	0.768985150248	1.26842269266
X	20692000	20694000	0.766442346161	0.778395197964	NA	0.706018434442
X	20758000	20760000	0.515521795012	0.875395675439	1.4127818882	1.99613031628
X	20808000	20810000	NA	NA	NA	0.575022894889
X	20874000	20876000	NA	NA	NA	0.533554686158
X	20936000	20938000	NA	NA	NA	0.664614081294
X	21028000	21030000	NA	NA	NA	0.725056366506
X	21056000	21058000	0.521523964851	NA	0.803961458631	1.51602249895
X	21202000	21204000	0.523512140525	NA	NA	NA
X	21234000	21236000	NA	0.590359752512	NA	NA
X	21302000	21304000	0.622509569196	NA	0.595918141038	0.97260747202
X	21398000	21400000	NA	NA	0.513554209773	NA
X	22484000	22486000	NA	NA	NA	0.654796209996
X	22646000	22648000	0.727807370524	NA	0.769212507498	0.786034615215
X	22820000	22822000	NA	NA	NA	0.51495771815
X	22857000	22859000	NA	NA	0.770973379286	1.43860407009
X	23018000	23020000	1.77032115587	NA	1.2684966852	1.07103336936
